Serial,stream,day,inventory_gal_start,inventory_pct_start,pickup_flag,pickup_gal,inventory_gal_after_service,overflow_flag,threshold_violation_gal
1514021,Bottles/Cans,0,83.48,55.65,1,83.48,0.0,0,0.0
1514021,Bottles/Cans,1,8.35,5.57,0,0.0,8.35,0,0.0
1514021,Bottles/Cans,2,16.7,11.13,0,0.0,16.7,0,0.0
1514021,Bottles/Cans,3,25.04,16.7,0,0.0,25.04,0,0.0
1514021,Bottles/Cans,4,33.39,22.26,0,0.0,33.39,0,0.0
1514021,Bottles/Cans,5,41.74,27.83,0,0.0,41.74,0,0.0
1514021,Bottles/Cans,6,50.09,33.39,0,0.0,50.09,0,0.0
1515723,Bottles/Cans,0,54.85,36.57,1,54.85,0.0,0,0.0
1515723,Bottles/Cans,1,5.49,3.66,0,0.0,5.49,0,0.0
1515723,Bottles/Cans,2,10.97,7.31,0,0.0,10.97,0,0.0
1515723,Bottles/Cans,3,16.46,10.97,0,0.0,16.46,0,0.0
1515723,Bottles/Cans,4,21.94,14.63,0,0.0,21.94,0,0.0
1515723,Bottles/Cans,5,27.43,18.28,0,0.0,27.43,0,0.0
1515723,Bottles/Cans,6,32.91,21.94,0,0.0,32.91,0,0.0
1515725,Bottles/Cans,0,60.78,40.52,1,60.78,0.0,0,0.0
1515725,Bottles/Cans,1,6.08,4.05,0,0.0,6.08,0,0.0
1515725,Bottles/Cans,2,12.16,8.1,0,0.0,12.16,0,0.0
1515725,Bottles/Cans,3,18.23,12.16,0,0.0,18.23,0,0.0
1515725,Bottles/Cans,4,24.31,16.21,0,0.0,24.31,0,0.0
1515725,Bottles/Cans,5,30.39,20.26,0,0.0,30.39,0,0.0
1515725,Bottles/Cans,6,36.47,24.31,0,0.0,36.47,0,0.0
1515726,Bottles/Cans,0,67.21,44.81,1,67.21,0.0,0,0.0
1515726,Bottles/Cans,1,6.72,4.48,0,0.0,6.72,0,0.0
1515726,Bottles/Cans,2,13.44,8.96,0,0.0,13.44,0,0.0
1515726,Bottles/Cans,3,20.16,13.44,0,0.0,20.16,0,0.0
1515726,Bottles/Cans,4,26.88,17.92,0,0.0,26.88,0,0.0
1515726,Bottles/Cans,5,33.6,22.4,0,0.0,33.6,0,0.0
1515726,Bottles/Cans,6,40.33,26.88,0,0.0,40.33,0,0.0
1515761,Bottles/Cans,0,92.22,61.48,1,92.22,0.0,0,0.0
1515761,Bottles/Cans,1,9.22,6.15,0,0.0,9.22,0,0.0
1515761,Bottles/Cans,2,18.44,12.3,0,0.0,18.44,0,0.0
1515761,Bottles/Cans,3,27.67,18.44,0,0.0,27.67,0,0.0
1515761,Bottles/Cans,4,36.89,24.59,0,0.0,36.89,0,0.0
1515761,Bottles/Cans,5,46.11,30.74,0,0.0,46.11,0,0.0
1515761,Bottles/Cans,6,55.33,36.89,0,0.0,55.33,0,0.0
1515765,Bottles/Cans,0,129.44,86.29,1,129.44,0.0,0,0.0
1515765,Bottles/Cans,1,12.94,8.63,0,0.0,12.94,0,0.0
1515765,Bottles/Cans,2,25.89,17.26,0,0.0,25.89,0,0.0
1515765,Bottles/Cans,3,38.83,25.89,0,0.0,38.83,0,0.0
1515765,Bottles/Cans,4,51.78,34.52,0,0.0,51.78,0,0.0
1515765,Bottles/Cans,5,64.72,43.15,0,0.0,64.72,0,0.0
1515765,Bottles/Cans,6,77.66,51.78,0,0.0,77.66,0,0.0
1515766,Bottles/Cans,0,33.23,22.15,1,33.23,0.0,0,0.0
1515766,Bottles/Cans,1,3.32,2.22,0,0.0,3.32,0,0.0
1515766,Bottles/Cans,2,6.65,4.43,0,0.0,6.65,0,0.0
1515766,Bottles/Cans,3,9.97,6.65,0,0.0,9.97,0,0.0
1515766,Bottles/Cans,4,13.29,8.86,0,0.0,13.29,0,0.0
1515766,Bottles/Cans,5,16.61,11.08,0,0.0,16.61,0,0.0
1515766,Bottles/Cans,6,19.94,13.29,0,0.0,19.94,0,0.0
1515776,Bottles/Cans,0,86.72,57.82,1,86.72,0.0,0,0.0
1515776,Bottles/Cans,1,8.67,5.78,0,0.0,8.67,0,0.0
1515776,Bottles/Cans,2,17.34,11.56,0,0.0,17.34,0,0.0
1515776,Bottles/Cans,3,26.02,17.34,0,0.0,26.02,0,0.0
1515776,Bottles/Cans,4,34.69,23.13,0,0.0,34.69,0,0.0
1515776,Bottles/Cans,5,43.36,28.91,0,0.0,43.36,0,0.0
1515776,Bottles/Cans,6,52.03,34.69,0,0.0,52.03,0,0.0
2503763,Compostables,0,104.61,69.74,1,104.61,0.0,0,14.61
2503763,Compostables,1,11.62,7.75,0,0.0,11.62,0,0.0
2503763,Compostables,2,23.25,15.5,0,0.0,23.25,0,0.0
2503763,Compostables,3,34.87,23.25,0,0.0,34.87,0,0.0
2503763,Compostables,4,46.49,31.0,0,0.0,46.49,0,0.0
2503763,Compostables,5,58.12,38.74,0,0.0,58.12,0,0.0
2503763,Compostables,6,69.74,46.49,0,0.0,69.74,0,0.0
1514001,Compostables,0,115.08,76.72,1,115.08,0.0,0,25.08
1514001,Compostables,1,14.39,9.59,0,0.0,14.39,0,0.0
1514001,Compostables,2,28.77,19.18,0,0.0,28.77,0,0.0
1514001,Compostables,3,43.16,28.77,0,0.0,43.16,0,0.0
1514001,Compostables,4,57.54,38.36,0,0.0,57.54,0,0.0
1514001,Compostables,5,71.93,47.95,0,0.0,71.93,0,0.0
1514001,Compostables,6,86.31,57.54,0,0.0,86.31,0,0.0
1514003,Compostables,0,187.5,125.0,1,187.5,0.0,1,97.5
1514003,Compostables,1,25.73,17.15,0,0.0,25.73,0,0.0
1514003,Compostables,2,51.45,34.3,0,0.0,51.45,0,0.0
1514003,Compostables,3,77.18,51.45,1,77.18,0.0,0,0.0
1514003,Compostables,4,25.73,17.15,0,0.0,25.73,0,0.0
1514003,Compostables,5,51.45,34.3,0,0.0,51.45,0,0.0
1514003,Compostables,6,77.18,51.45,0,0.0,77.18,0,0.0
1515788,Compostables,0,125.1,83.4,1,125.1,0.0,0,35.1
1515788,Compostables,1,15.64,10.42,0,0.0,15.64,0,0.0
1515788,Compostables,2,31.27,20.85,0,0.0,31.27,0,0.0
1515788,Compostables,3,46.91,31.27,0,0.0,46.91,0,0.0
1515788,Compostables,4,62.55,41.7,0,0.0,62.55,0,0.0
1515788,Compostables,5,78.19,52.12,0,0.0,78.19,0,0.0
1515788,Compostables,6,93.82,62.55,0,0.0,93.82,0,3.82
1520912,Compostables,0,60.55,40.37,1,60.55,0.0,0,0.0
1520912,Compostables,1,7.57,5.05,0,0.0,7.57,0,0.0
1520912,Compostables,2,15.14,10.09,0,0.0,15.14,0,0.0
1520912,Compostables,3,22.71,15.14,0,0.0,22.71,0,0.0
1520912,Compostables,4,30.28,20.18,0,0.0,30.28,0,0.0
1520912,Compostables,5,37.84,25.23,0,0.0,37.84,0,0.0
1520912,Compostables,6,45.41,30.28,0,0.0,45.41,0,0.0
1520927,Bottles/Cans,0,0.0,0.0,1,0.0,0.0,0,0.0
1520927,Bottles/Cans,1,0.0,0.0,0,0.0,0.0,0,0.0
1520927,Bottles/Cans,2,0.0,0.0,0,0.0,0.0,0,0.0
1520927,Bottles/Cans,3,0.0,0.0,0,0.0,0.0,0,0.0
1520927,Bottles/Cans,4,0.0,0.0,0,0.0,0.0,0,0.0
1520927,Bottles/Cans,5,0.0,0.0,0,0.0,0.0,0,0.0
1520927,Bottles/Cans,6,0.0,0.0,0,0.0,0.0,0,0.0
1503614,Compostables,0,165.31,110.21,1,165.31,0.0,1,75.31
1503614,Compostables,1,23.62,15.74,0,0.0,23.62,0,0.0
1503614,Compostables,2,47.23,31.49,0,0.0,47.23,0,0.0
1503614,Compostables,3,70.85,47.23,1,70.85,0.0,0,0.0
1503614,Compostables,4,23.62,15.74,0,0.0,23.62,0,0.0
1503614,Compostables,5,47.23,31.49,0,0.0,47.23,0,0.0
1503614,Compostables,6,70.85,47.23,0,0.0,70.85,0,0.0
1503642,Bottles/Cans,0,52.54,35.03,1,52.54,0.0,0,0.0
1503642,Bottles/Cans,1,7.51,5.0,0,0.0,7.51,0,0.0
1503642,Bottles/Cans,2,15.01,10.01,0,0.0,15.01,0,0.0
1503642,Bottles/Cans,3,22.52,15.01,0,0.0,22.52,0,0.0
1503642,Bottles/Cans,4,30.02,20.02,0,0.0,30.02,0,0.0
1503642,Bottles/Cans,5,37.53,25.02,0,0.0,37.53,0,0.0
1503642,Bottles/Cans,6,45.03,30.02,0,0.0,45.03,0,0.0
1503647,Bottles/Cans,0,0.0,0.0,1,0.0,0.0,0,0.0
1503647,Bottles/Cans,1,0.0,0.0,0,0.0,0.0,0,0.0
1503647,Bottles/Cans,2,0.0,0.0,0,0.0,0.0,0,0.0
1503647,Bottles/Cans,3,0.0,0.0,0,0.0,0.0,0,0.0
1503647,Bottles/Cans,4,0.0,0.0,0,0.0,0.0,0,0.0
1503647,Bottles/Cans,5,0.0,0.0,0,0.0,0.0,0,0.0
1503647,Bottles/Cans,6,0.0,0.0,0,0.0,0.0,0,0.0
1503651,Compostables,0,84.85,56.57,1,84.85,0.0,0,0.0
1503651,Compostables,1,12.12,8.08,0,0.0,12.12,0,0.0
1503651,Compostables,2,24.24,16.16,0,0.0,24.24,0,0.0
1503651,Compostables,3,36.36,24.24,0,0.0,36.36,0,0.0
1503651,Compostables,4,48.48,32.32,0,0.0,48.48,0,0.0
1503651,Compostables,5,60.61,40.4,0,0.0,60.61,0,0.0
1503651,Compostables,6,72.73,48.48,0,0.0,72.73,0,0.0
1514004,Compostables,0,76.49,50.99,1,76.49,0.0,0,0.0
1514004,Compostables,1,10.93,7.28,0,0.0,10.93,0,0.0
1514004,Compostables,2,21.85,14.57,0,0.0,21.85,0,0.0
1514004,Compostables,3,32.78,21.85,0,0.0,32.78,0,0.0
1514004,Compostables,4,43.71,29.14,0,0.0,43.71,0,0.0
1514004,Compostables,5,54.64,36.42,0,0.0,54.64,0,0.0
1514004,Compostables,6,65.56,43.71,0,0.0,65.56,0,0.0
1515716,Compostables,0,102.08,68.05,1,102.08,0.0,0,12.08
1515716,Compostables,1,14.58,9.72,0,0.0,14.58,0,0.0
1515716,Compostables,2,29.17,19.44,0,0.0,29.17,0,0.0
1515716,Compostables,3,43.75,29.17,0,0.0,43.75,0,0.0
1515716,Compostables,4,58.33,38.89,0,0.0,58.33,0,0.0
1515716,Compostables,5,72.92,48.61,0,0.0,72.92,0,0.0
1515716,Compostables,6,87.5,58.33,0,0.0,87.5,0,0.0
1515722,Bottles/Cans,0,106.39,70.93,1,106.39,0.0,0,0.0
1515722,Bottles/Cans,1,15.2,10.13,0,0.0,15.2,0,0.0
1515722,Bottles/Cans,2,30.4,20.27,0,0.0,30.4,0,0.0
1515722,Bottles/Cans,3,45.6,30.4,0,0.0,45.6,0,0.0
1515722,Bottles/Cans,4,60.8,40.53,0,0.0,60.8,0,0.0
1515722,Bottles/Cans,5,76.0,50.66,0,0.0,76.0,0,0.0
1515722,Bottles/Cans,6,91.2,60.8,0,0.0,91.2,0,0.0
1515738,Bottles/Cans,0,25.2,16.8,1,25.2,0.0,0,0.0
1515738,Bottles/Cans,1,3.6,2.4,0,0.0,3.6,0,0.0
1515738,Bottles/Cans,2,7.2,4.8,0,0.0,7.2,0,0.0
1515738,Bottles/Cans,3,10.8,7.2,0,0.0,10.8,0,0.0
1515738,Bottles/Cans,4,14.4,9.6,0,0.0,14.4,0,0.0
1515738,Bottles/Cans,5,18.0,12.0,0,0.0,18.0,0,0.0
1515738,Bottles/Cans,6,21.6,14.4,0,0.0,21.6,0,0.0
1515750,Compostables,0,162.01,108.0,1,162.01,0.0,1,72.01
1515750,Compostables,1,23.14,15.43,0,0.0,23.14,0,0.0
1515750,Compostables,2,46.29,30.86,0,0.0,46.29,0,0.0
1515750,Compostables,3,69.43,46.29,1,69.43,0.0,0,0.0
1515750,Compostables,4,23.14,15.43,0,0.0,23.14,0,0.0
1515750,Compostables,5,46.29,30.86,0,0.0,46.29,0,0.0
1515750,Compostables,6,69.43,46.29,0,0.0,69.43,0,0.0
1516530,Bottles/Cans,0,77.71,51.81,1,77.71,0.0,0,0.0
1516530,Bottles/Cans,1,11.1,7.4,0,0.0,11.1,0,0.0
1516530,Bottles/Cans,2,22.2,14.8,0,0.0,22.2,0,0.0
1516530,Bottles/Cans,3,33.3,22.2,0,0.0,33.3,0,0.0
1516530,Bottles/Cans,4,44.41,29.6,0,0.0,44.41,0,0.0
1516530,Bottles/Cans,5,55.51,37.0,0,0.0,55.51,0,0.0
1516530,Bottles/Cans,6,66.61,44.41,0,0.0,66.61,0,0.0
2503767,Waste,0,58.5,39.0,1,58.5,0.0,0,0.0
2503767,Waste,1,8.36,5.57,0,0.0,8.36,0,0.0
2503767,Waste,2,16.72,11.14,0,0.0,16.72,0,0.0
2503767,Waste,3,25.07,16.72,0,0.0,25.07,0,0.0
2503767,Waste,4,33.43,22.29,0,0.0,33.43,0,0.0
2503767,Waste,5,41.79,27.86,0,0.0,41.79,0,0.0
2503767,Waste,6,50.15,33.43,0,0.0,50.15,0,0.0
1514026,Waste,0,187.5,125.0,1,187.5,0.0,1,97.5
1514026,Waste,1,42.31,28.21,0,0.0,42.31,0,0.0
1514026,Waste,2,84.62,56.42,1,84.62,0.0,0,0.0
1514026,Waste,3,42.31,28.21,0,0.0,42.31,0,0.0
1514026,Waste,4,84.62,56.42,1,84.62,0.0,0,0.0
1514026,Waste,5,42.31,28.21,0,0.0,42.31,0,0.0
1514026,Waste,6,84.62,56.42,0,0.0,84.62,0,0.0
1514027,Waste,0,104.77,69.85,1,104.77,0.0,0,14.77
1514027,Waste,1,17.46,11.64,0,0.0,17.46,0,0.0
1514027,Waste,2,34.92,23.28,1,34.92,0.0,0,0.0
1514027,Waste,3,17.46,11.64,0,0.0,17.46,0,0.0
1514027,Waste,4,34.92,23.28,0,0.0,34.92,0,0.0
1514027,Waste,5,52.38,34.92,0,0.0,52.38,0,0.0
1514027,Waste,6,69.85,46.56,0,0.0,69.85,0,0.0
1515674,Waste,0,187.5,125.0,1,187.5,0.0,1,97.5
1515674,Waste,1,35.14,23.43,0,0.0,35.14,0,0.0
1515674,Waste,2,70.28,46.85,0,0.0,70.28,0,0.0
1515674,Waste,3,105.42,70.28,1,105.42,0.0,0,15.42
1515674,Waste,4,35.14,23.43,0,0.0,35.14,0,0.0
1515674,Waste,5,70.28,46.85,0,0.0,70.28,0,0.0
1515674,Waste,6,105.42,70.28,0,0.0,105.42,0,15.42
1515690,Compostables,0,141.17,94.11,1,141.17,0.0,0,51.17
1515690,Compostables,1,23.53,15.69,0,0.0,23.53,0,0.0
1515690,Compostables,2,47.06,31.37,0,0.0,47.06,0,0.0
1515690,Compostables,3,70.58,47.06,0,0.0,70.58,0,0.0
1515690,Compostables,4,94.11,62.74,1,94.11,0.0,0,4.11
1515690,Compostables,5,23.53,15.69,0,0.0,23.53,0,0.0
1515690,Compostables,6,47.06,31.37,0,0.0,47.06,0,0.0
1515742,Waste,0,181.72,121.15,1,181.72,0.0,1,91.72
1515742,Waste,1,30.29,20.19,0,0.0,30.29,0,0.0
1515742,Waste,2,60.57,40.38,0,0.0,60.57,0,0.0
1515742,Waste,3,90.86,60.57,1,90.86,0.0,0,0.86
1515742,Waste,4,30.29,20.19,0,0.0,30.29,0,0.0
1515742,Waste,5,60.57,40.38,0,0.0,60.57,0,0.0
1515742,Waste,6,90.86,60.57,0,0.0,90.86,0,0.86
1515743,Waste,0,187.5,125.0,1,187.5,0.0,1,97.5
1515743,Waste,1,32.17,21.44,0,0.0,32.17,0,0.0
1515743,Waste,2,64.33,42.89,0,0.0,64.33,0,0.0
1515743,Waste,3,96.5,64.33,1,96.5,0.0,0,6.5
1515743,Waste,4,32.17,21.44,0,0.0,32.17,0,0.0
1515743,Waste,5,64.33,42.89,0,0.0,64.33,0,0.0
1515743,Waste,6,96.5,64.33,0,0.0,96.5,0,6.5
1515784,Compostables,0,150.13,100.09,1,150.13,0.0,1,60.13
1515784,Compostables,1,25.02,16.68,0,0.0,25.02,0,0.0
1515784,Compostables,2,50.04,33.36,0,0.0,50.04,0,0.0
1515784,Compostables,3,75.07,50.04,1,75.07,0.0,0,0.0
1515784,Compostables,4,25.02,16.68,0,0.0,25.02,0,0.0
1515784,Compostables,5,50.04,33.36,0,0.0,50.04,0,0.0
1515784,Compostables,6,75.07,50.04,0,0.0,75.07,0,0.0
1516554,Waste,0,163.71,109.14,1,163.71,0.0,1,73.71
1516554,Waste,1,27.28,18.19,0,0.0,27.28,0,0.0
1516554,Waste,2,54.57,36.38,0,0.0,54.57,0,0.0
1516554,Waste,3,81.85,54.57,1,81.85,0.0,0,0.0
1516554,Waste,4,27.28,18.19,0,0.0,27.28,0,0.0
1516554,Waste,5,54.57,36.38,0,0.0,54.57,0,0.0
1516554,Waste,6,81.85,54.57,0,0.0,81.85,0,0.0
2503769,Waste,0,93.95,62.64,1,93.95,0.0,0,3.95
2503769,Waste,1,15.66,10.44,0,0.0,15.66,0,0.0
2503769,Waste,2,31.32,20.88,0,0.0,31.32,0,0.0
2503769,Waste,3,46.98,31.32,0,0.0,46.98,0,0.0
2503769,Waste,4,62.64,41.76,0,0.0,62.64,0,0.0
2503769,Waste,5,78.29,52.2,0,0.0,78.29,0,0.0
2503769,Waste,6,93.95,62.64,0,0.0,93.95,0,3.95
1503637,Compostables,0,91.91,61.27,1,91.91,0.0,0,1.91
1503637,Compostables,1,18.38,12.25,0,0.0,18.38,0,0.0
1503637,Compostables,2,36.76,24.51,0,0.0,36.76,0,0.0
1503637,Compostables,3,55.15,36.76,0,0.0,55.15,0,0.0
1503637,Compostables,4,73.53,49.02,0,0.0,73.53,0,0.0
1503637,Compostables,5,91.91,61.27,0,0.0,91.91,0,1.91
1503637,Compostables,6,110.29,73.53,0,0.0,110.29,0,20.29
1520915,Waste,0,145.56,97.04,1,145.56,0.0,0,55.56
1520915,Waste,1,29.11,19.41,0,0.0,29.11,0,0.0
1520915,Waste,2,58.22,38.82,0,0.0,58.22,0,0.0
1520915,Waste,3,87.34,58.22,1,87.34,0.0,0,0.0
1520915,Waste,4,29.11,19.41,0,0.0,29.11,0,0.0
1520915,Waste,5,58.22,38.82,0,0.0,58.22,0,0.0
1520915,Waste,6,87.34,58.22,0,0.0,87.34,0,0.0
1514031,Waste,0,90.57,60.38,1,90.57,0.0,0,0.57
1514031,Waste,1,30.19,20.13,0,0.0,30.19,0,0.0
1514031,Waste,2,60.38,40.25,0,0.0,60.38,0,0.0
1514031,Waste,3,90.57,60.38,1,90.57,0.0,0,0.57
1514031,Waste,4,30.19,20.13,0,0.0,30.19,0,0.0
1514031,Waste,5,60.38,40.25,0,0.0,60.38,0,0.0
1514031,Waste,6,90.57,60.38,0,0.0,90.57,0,0.57
1515751,Compostables,0,90.01,60.01,1,90.01,0.0,0,0.01
1515751,Compostables,1,30.0,20.0,0,0.0,30.0,0,0.0
1515751,Compostables,2,60.01,40.0,0,0.0,60.01,0,0.0
1515751,Compostables,3,90.01,60.01,1,90.01,0.0,0,0.01
1515751,Compostables,4,30.0,20.0,0,0.0,30.0,0,0.0
1515751,Compostables,5,60.01,40.0,0,0.0,60.01,0,0.0
1515751,Compostables,6,90.01,60.01,0,0.0,90.01,0,0.01
1503634,Bottles/Cans,0,0.0,0.0,0,0.0,0.0,0,0.0
1503634,Bottles/Cans,1,0.0,0.0,1,0.0,0.0,0,0.0
1503634,Bottles/Cans,2,0.0,0.0,0,0.0,0.0,0,0.0
1503634,Bottles/Cans,3,0.0,0.0,0,0.0,0.0,0,0.0
1503634,Bottles/Cans,4,0.0,0.0,0,0.0,0.0,0,0.0
1503634,Bottles/Cans,5,0.0,0.0,0,0.0,0.0,0,0.0
1503634,Bottles/Cans,6,0.0,0.0,0,0.0,0.0,0,0.0
1503638,Bottles/Cans,0,69.1,46.06,0,0.0,69.1,0,0.0
1503638,Bottles/Cans,1,80.61,53.74,1,80.61,0.0,0,0.0
1503638,Bottles/Cans,2,11.52,7.68,0,0.0,11.52,0,0.0
1503638,Bottles/Cans,3,23.03,15.35,0,0.0,23.03,0,0.0
1503638,Bottles/Cans,4,34.55,23.03,0,0.0,34.55,0,0.0
1503638,Bottles/Cans,5,46.06,30.71,0,0.0,46.06,0,0.0
1503638,Bottles/Cans,6,57.58,38.39,0,0.0,57.58,0,0.0
1503641,Compostables,0,45.84,30.56,1,45.84,0.0,0,0.0
1503641,Compostables,1,7.64,5.09,0,0.0,7.64,0,0.0
1503641,Compostables,2,15.28,10.19,0,0.0,15.28,0,0.0
1503641,Compostables,3,22.92,15.28,0,0.0,22.92,0,0.0
1503641,Compostables,4,30.56,20.37,0,0.0,30.56,0,0.0
1503641,Compostables,5,38.2,25.46,0,0.0,38.2,0,0.0
1503641,Compostables,6,45.84,30.56,0,0.0,45.84,0,0.0
1503646,Bottles/Cans,0,0.0,0.0,0,0.0,0.0,0,0.0
1503646,Bottles/Cans,1,0.0,0.0,1,0.0,0.0,0,0.0
1503646,Bottles/Cans,2,0.0,0.0,0,0.0,0.0,0,0.0
1503646,Bottles/Cans,3,0.0,0.0,0,0.0,0.0,0,0.0
1503646,Bottles/Cans,4,0.0,0.0,0,0.0,0.0,0,0.0
1503646,Bottles/Cans,5,0.0,0.0,0,0.0,0.0,0,0.0
1503646,Bottles/Cans,6,0.0,0.0,0,0.0,0.0,0,0.0
1514012,Bottles/Cans,0,76.73,51.15,1,76.73,0.0,0,0.0
1514012,Bottles/Cans,1,12.79,8.53,0,0.0,12.79,0,0.0
1514012,Bottles/Cans,2,25.58,17.05,0,0.0,25.58,0,0.0
1514012,Bottles/Cans,3,38.37,25.58,0,0.0,38.37,0,0.0
1514012,Bottles/Cans,4,51.15,34.1,0,0.0,51.15,0,0.0
1514012,Bottles/Cans,5,63.94,42.63,0,0.0,63.94,0,0.0
1514012,Bottles/Cans,6,76.73,51.15,0,0.0,76.73,0,0.0
1514013,Bottles/Cans,0,106.16,70.78,0,0.0,106.16,0,0.0
1514013,Bottles/Cans,1,123.86,82.57,1,123.86,0.0,0,0.0
1514013,Bottles/Cans,2,17.69,11.8,0,0.0,17.69,0,0.0
1514013,Bottles/Cans,3,35.39,23.59,0,0.0,35.39,0,0.0
1514013,Bottles/Cans,4,53.08,35.39,0,0.0,53.08,0,0.0
1514013,Bottles/Cans,5,70.78,47.18,0,0.0,70.78,0,0.0
1514013,Bottles/Cans,6,88.47,58.98,0,0.0,88.47,0,0.0
1514014,Bottles/Cans,0,23.85,15.9,0,0.0,23.85,0,0.0
1514014,Bottles/Cans,1,27.82,18.55,1,27.82,0.0,0,0.0
1514014,Bottles/Cans,2,3.97,2.65,0,0.0,3.97,0,0.0
1514014,Bottles/Cans,3,7.95,5.3,0,0.0,7.95,0,0.0
1514014,Bottles/Cans,4,11.92,7.95,0,0.0,11.92,0,0.0
1514014,Bottles/Cans,5,15.9,10.6,0,0.0,15.9,0,0.0
1514014,Bottles/Cans,6,19.87,13.25,0,0.0,19.87,0,0.0
1514015,Bottles/Cans,0,42.83,28.56,0,0.0,42.83,0,0.0
1514015,Bottles/Cans,1,49.97,33.32,1,49.97,0.0,0,0.0
1514015,Bottles/Cans,2,7.14,4.76,0,0.0,7.14,0,0.0
1514015,Bottles/Cans,3,14.28,9.52,0,0.0,14.28,0,0.0
1514015,Bottles/Cans,4,21.42,14.28,0,0.0,21.42,0,0.0
1514015,Bottles/Cans,5,28.56,19.04,0,0.0,28.56,0,0.0
1514015,Bottles/Cans,6,35.7,23.8,0,0.0,35.7,0,0.0
1514018,Bottles/Cans,0,22.88,15.25,0,0.0,22.88,0,0.0
1514018,Bottles/Cans,1,26.69,17.8,1,26.69,0.0,0,0.0
1514018,Bottles/Cans,2,3.81,2.54,0,0.0,3.81,0,0.0
1514018,Bottles/Cans,3,7.63,5.08,0,0.0,7.63,0,0.0
1514018,Bottles/Cans,4,11.44,7.63,0,0.0,11.44,0,0.0
1514018,Bottles/Cans,5,15.25,10.17,0,0.0,15.25,0,0.0
1514018,Bottles/Cans,6,19.07,12.71,0,0.0,19.07,0,0.0
1514020,Bottles/Cans,0,50.04,33.36,0,0.0,50.04,0,0.0
1514020,Bottles/Cans,1,58.38,38.92,1,58.38,0.0,0,0.0
1514020,Bottles/Cans,2,8.34,5.56,0,0.0,8.34,0,0.0
1514020,Bottles/Cans,3,16.68,11.12,0,0.0,16.68,0,0.0
1514020,Bottles/Cans,4,25.02,16.68,0,0.0,25.02,0,0.0
1514020,Bottles/Cans,5,33.36,22.24,0,0.0,33.36,0,0.0
1514020,Bottles/Cans,6,41.7,27.8,0,0.0,41.7,0,0.0
1515668,Waste,0,88.26,58.84,1,88.26,0.0,0,0.0
1515668,Waste,1,14.71,9.81,0,0.0,14.71,0,0.0
1515668,Waste,2,29.42,19.61,0,0.0,29.42,0,0.0
1515668,Waste,3,44.13,29.42,0,0.0,44.13,0,0.0
1515668,Waste,4,58.84,39.23,0,0.0,58.84,0,0.0
1515668,Waste,5,73.55,49.03,0,0.0,73.55,0,0.0
1515668,Waste,6,88.26,58.84,0,0.0,88.26,0,0.0
1515687,Compostables,0,88.23,58.82,1,88.23,0.0,0,0.0
1515687,Compostables,1,14.71,9.8,0,0.0,14.71,0,0.0
1515687,Compostables,2,29.41,19.61,0,0.0,29.41,0,0.0
1515687,Compostables,3,44.12,29.41,0,0.0,44.12,0,0.0
1515687,Compostables,4,58.82,39.21,0,0.0,58.82,0,0.0
1515687,Compostables,5,73.53,49.02,0,0.0,73.53,0,0.0
1515687,Compostables,6,88.23,58.82,0,0.0,88.23,0,0.0
1515703,Waste,0,45.18,30.12,0,0.0,45.18,0,0.0
1515703,Waste,1,52.71,35.14,1,52.71,0.0,0,0.0
1515703,Waste,2,7.53,5.02,0,0.0,7.53,0,0.0
1515703,Waste,3,15.06,10.04,0,0.0,15.06,0,0.0
1515703,Waste,4,22.59,15.06,0,0.0,22.59,0,0.0
1515703,Waste,5,30.12,20.08,0,0.0,30.12,0,0.0
1515703,Waste,6,37.65,25.1,0,0.0,37.65,0,0.0
1515712,Compostables,0,22.86,15.24,1,22.86,0.0,0,0.0
1515712,Compostables,1,3.81,2.54,0,0.0,3.81,0,0.0
1515712,Compostables,2,7.62,5.08,0,0.0,7.62,0,0.0
1515712,Compostables,3,11.43,7.62,0,0.0,11.43,0,0.0
1515712,Compostables,4,15.24,10.16,0,0.0,15.24,0,0.0
1515712,Compostables,5,19.05,12.7,0,0.0,19.05,0,0.0
1515712,Compostables,6,22.86,15.24,0,0.0,22.86,0,0.0
1515727,Bottles/Cans,0,66.66,44.44,1,66.66,0.0,0,0.0
1515727,Bottles/Cans,1,11.11,7.41,0,0.0,11.11,0,0.0
1515727,Bottles/Cans,2,22.22,14.81,0,0.0,22.22,0,0.0
1515727,Bottles/Cans,3,33.33,22.22,0,0.0,33.33,0,0.0
1515727,Bottles/Cans,4,44.44,29.63,0,0.0,44.44,0,0.0
1515727,Bottles/Cans,5,55.55,37.03,0,0.0,55.55,0,0.0
1515727,Bottles/Cans,6,66.66,44.44,0,0.0,66.66,0,0.0
1515729,Bottles/Cans,0,50.36,33.57,0,0.0,50.36,0,0.0
1515729,Bottles/Cans,1,58.75,39.17,1,58.75,0.0,0,0.0
1515729,Bottles/Cans,2,8.39,5.6,0,0.0,8.39,0,0.0
1515729,Bottles/Cans,3,16.79,11.19,0,0.0,16.79,0,0.0
1515729,Bottles/Cans,4,25.18,16.79,0,0.0,25.18,0,0.0
1515729,Bottles/Cans,5,33.57,22.38,0,0.0,33.57,0,0.0
1515729,Bottles/Cans,6,41.96,27.98,0,0.0,41.96,0,0.0
1515731,Bottles/Cans,0,66.12,44.08,1,66.12,0.0,0,0.0
1515731,Bottles/Cans,1,11.02,7.35,0,0.0,11.02,0,0.0
1515731,Bottles/Cans,2,22.04,14.69,0,0.0,22.04,0,0.0
1515731,Bottles/Cans,3,33.06,22.04,0,0.0,33.06,0,0.0
1515731,Bottles/Cans,4,44.08,29.39,0,0.0,44.08,0,0.0
1515731,Bottles/Cans,5,55.1,36.73,0,0.0,55.1,0,0.0
1515731,Bottles/Cans,6,66.12,44.08,0,0.0,66.12,0,0.0
1515734,Bottles/Cans,0,76.36,50.91,1,76.36,0.0,0,0.0
1515734,Bottles/Cans,1,12.73,8.48,0,0.0,12.73,0,0.0
1515734,Bottles/Cans,2,25.45,16.97,0,0.0,25.45,0,0.0
1515734,Bottles/Cans,3,38.18,25.45,0,0.0,38.18,0,0.0
1515734,Bottles/Cans,4,50.91,33.94,0,0.0,50.91,0,0.0
1515734,Bottles/Cans,5,63.63,42.42,0,0.0,63.63,0,0.0
1515734,Bottles/Cans,6,76.36,50.91,0,0.0,76.36,0,0.0
1515735,Bottles/Cans,0,47.2,31.47,0,0.0,47.2,0,0.0
1515735,Bottles/Cans,1,55.07,36.71,1,55.07,0.0,0,0.0
1515735,Bottles/Cans,2,7.87,5.24,0,0.0,7.87,0,0.0
1515735,Bottles/Cans,3,15.73,10.49,0,0.0,15.73,0,0.0
1515735,Bottles/Cans,4,23.6,15.73,0,0.0,23.6,0,0.0
1515735,Bottles/Cans,5,31.47,20.98,0,0.0,31.47,0,0.0
1515735,Bottles/Cans,6,39.34,26.22,0,0.0,39.34,0,0.0
1515736,Bottles/Cans,0,0.0,0.0,1,0.0,0.0,0,0.0
1515736,Bottles/Cans,1,0.0,0.0,0,0.0,0.0,0,0.0
1515736,Bottles/Cans,2,0.0,0.0,0,0.0,0.0,0,0.0
1515736,Bottles/Cans,3,0.0,0.0,0,0.0,0.0,0,0.0
1515736,Bottles/Cans,4,0.0,0.0,0,0.0,0.0,0,0.0
1515736,Bottles/Cans,5,0.0,0.0,0,0.0,0.0,0,0.0
1515736,Bottles/Cans,6,0.0,0.0,0,0.0,0.0,0,0.0
1515737,Bottles/Cans,0,0.0,0.0,0,0.0,0.0,0,0.0
1515737,Bottles/Cans,1,0.0,0.0,1,0.0,0.0,0,0.0
1515737,Bottles/Cans,2,0.0,0.0,0,0.0,0.0,0,0.0
1515737,Bottles/Cans,3,0.0,0.0,0,0.0,0.0,0,0.0
1515737,Bottles/Cans,4,0.0,0.0,0,0.0,0.0,0,0.0
1515737,Bottles/Cans,5,0.0,0.0,0,0.0,0.0,0,0.0
1515737,Bottles/Cans,6,0.0,0.0,0,0.0,0.0,0,0.0
1515739,Bottles/Cans,0,139.93,93.29,1,139.93,0.0,0,0.0
1515739,Bottles/Cans,1,23.32,15.55,0,0.0,23.32,0,0.0
1515739,Bottles/Cans,2,46.64,31.1,0,0.0,46.64,0,0.0
1515739,Bottles/Cans,3,69.97,46.64,0,0.0,69.97,0,0.0
1515739,Bottles/Cans,4,93.29,62.19,0,0.0,93.29,0,0.0
1515739,Bottles/Cans,5,116.61,77.74,0,0.0,116.61,0,0.0
1515739,Bottles/Cans,6,139.93,93.29,0,0.0,139.93,0,0.0
1515740,Bottles/Cans,0,46.83,31.22,0,0.0,46.83,0,0.0
1515740,Bottles/Cans,1,54.64,36.43,1,54.64,0.0,0,0.0
1515740,Bottles/Cans,2,7.81,5.2,0,0.0,7.81,0,0.0
1515740,Bottles/Cans,3,15.61,10.41,0,0.0,15.61,0,0.0
1515740,Bottles/Cans,4,23.42,15.61,0,0.0,23.42,0,0.0
1515740,Bottles/Cans,5,31.22,20.81,0,0.0,31.22,0,0.0
1515740,Bottles/Cans,6,39.03,26.02,0,0.0,39.03,0,0.0
1515745,Waste,0,77.1,51.4,1,77.1,0.0,0,0.0
1515745,Waste,1,12.85,8.57,0,0.0,12.85,0,0.0
1515745,Waste,2,25.7,17.13,0,0.0,25.7,0,0.0
1515745,Waste,3,38.55,25.7,0,0.0,38.55,0,0.0
1515745,Waste,4,51.4,34.27,0,0.0,51.4,0,0.0
1515745,Waste,5,64.25,42.84,0,0.0,64.25,0,0.0
1515745,Waste,6,77.1,51.4,0,0.0,77.1,0,0.0
1515748,Compostables,0,33.51,22.34,1,33.51,0.0,0,0.0
1515748,Compostables,1,5.59,3.72,0,0.0,5.59,0,0.0
1515748,Compostables,2,11.17,7.45,0,0.0,11.17,0,0.0
1515748,Compostables,3,16.76,11.17,0,0.0,16.76,0,0.0
1515748,Compostables,4,22.34,14.89,0,0.0,22.34,0,0.0
1515748,Compostables,5,27.93,18.62,0,0.0,27.93,0,0.0
1515748,Compostables,6,33.51,22.34,0,0.0,33.51,0,0.0
1515757,Compostables,0,44.82,29.88,1,44.82,0.0,0,0.0
1515757,Compostables,1,7.47,4.98,0,0.0,7.47,0,0.0
1515757,Compostables,2,14.94,9.96,0,0.0,14.94,0,0.0
1515757,Compostables,3,22.41,14.94,0,0.0,22.41,0,0.0
1515757,Compostables,4,29.88,19.92,0,0.0,29.88,0,0.0
1515757,Compostables,5,37.35,24.9,0,0.0,37.35,0,0.0
1515757,Compostables,6,44.82,29.88,0,0.0,44.82,0,0.0
1515760,Bottles/Cans,0,87.53,58.35,0,0.0,87.53,0,0.0
1515760,Bottles/Cans,1,102.12,68.08,1,102.12,0.0,0,0.0
1515760,Bottles/Cans,2,14.59,9.73,0,0.0,14.59,0,0.0
1515760,Bottles/Cans,3,29.18,19.45,0,0.0,29.18,0,0.0
1515760,Bottles/Cans,4,43.76,29.18,0,0.0,43.76,0,0.0
1515760,Bottles/Cans,5,58.35,38.9,0,0.0,58.35,0,0.0
1515760,Bottles/Cans,6,72.94,48.63,0,0.0,72.94,0,0.0
1515764,Bottles/Cans,0,11.95,7.97,1,11.95,0.0,0,0.0
1515764,Bottles/Cans,1,1.99,1.33,0,0.0,1.99,0,0.0
1515764,Bottles/Cans,2,3.98,2.66,0,0.0,3.98,0,0.0
1515764,Bottles/Cans,3,5.98,3.98,0,0.0,5.98,0,0.0
1515764,Bottles/Cans,4,7.97,5.31,0,0.0,7.97,0,0.0
1515764,Bottles/Cans,5,9.96,6.64,0,0.0,9.96,0,0.0
1515764,Bottles/Cans,6,11.95,7.97,0,0.0,11.95,0,0.0
1515771,Bottles/Cans,0,18.12,12.08,0,0.0,18.12,0,0.0
1515771,Bottles/Cans,1,21.14,14.09,1,21.14,0.0,0,0.0
1515771,Bottles/Cans,2,3.02,2.01,0,0.0,3.02,0,0.0
1515771,Bottles/Cans,3,6.04,4.03,0,0.0,6.04,0,0.0
1515771,Bottles/Cans,4,9.06,6.04,0,0.0,9.06,0,0.0
1515771,Bottles/Cans,5,12.08,8.05,0,0.0,12.08,0,0.0
1515771,Bottles/Cans,6,15.1,10.07,0,0.0,15.1,0,0.0
1515773,Bottles/Cans,0,138.33,92.22,1,138.33,0.0,0,0.0
1515773,Bottles/Cans,1,23.06,15.37,0,0.0,23.06,0,0.0
1515773,Bottles/Cans,2,46.11,30.74,0,0.0,46.11,0,0.0
1515773,Bottles/Cans,3,69.17,46.11,0,0.0,69.17,0,0.0
1515773,Bottles/Cans,4,92.22,61.48,0,0.0,92.22,0,0.0
1515773,Bottles/Cans,5,115.28,76.85,0,0.0,115.28,0,0.0
1515773,Bottles/Cans,6,138.33,92.22,0,0.0,138.33,0,0.0
1515775,Bottles/Cans,0,116.04,77.36,0,0.0,116.04,0,0.0
1515775,Bottles/Cans,1,135.38,90.26,1,135.38,0.0,0,0.0
1515775,Bottles/Cans,2,19.34,12.89,0,0.0,19.34,0,0.0
1515775,Bottles/Cans,3,38.68,25.79,0,0.0,38.68,0,0.0
1515775,Bottles/Cans,4,58.02,38.68,0,0.0,58.02,0,0.0
1515775,Bottles/Cans,5,77.36,51.57,0,0.0,77.36,0,0.0
1515775,Bottles/Cans,6,96.7,64.47,0,0.0,96.7,0,0.0
1515787,Compostables,0,59.77,39.85,1,59.77,0.0,0,0.0
1515787,Compostables,1,9.96,6.64,0,0.0,9.96,0,0.0
1515787,Compostables,2,19.92,13.28,0,0.0,19.92,0,0.0
1515787,Compostables,3,29.89,19.92,0,0.0,29.89,0,0.0
1515787,Compostables,4,39.85,26.57,0,0.0,39.85,0,0.0
1515787,Compostables,5,49.81,33.21,0,0.0,49.81,0,0.0
1515787,Compostables,6,59.77,39.85,0,0.0,59.77,0,0.0
1516524,Bottles/Cans,0,44.77,29.85,0,0.0,44.77,0,0.0
1516524,Bottles/Cans,1,52.24,34.82,1,52.24,0.0,0,0.0
1516524,Bottles/Cans,2,7.46,4.97,0,0.0,7.46,0,0.0
1516524,Bottles/Cans,3,14.92,9.95,0,0.0,14.92,0,0.0
1516524,Bottles/Cans,4,22.39,14.92,0,0.0,22.39,0,0.0
1516524,Bottles/Cans,5,29.85,19.9,0,0.0,29.85,0,0.0
1516524,Bottles/Cans,6,37.31,24.87,0,0.0,37.31,0,0.0
1516527,Bottles/Cans,0,0.0,0.0,0,0.0,0.0,0,0.0
1516527,Bottles/Cans,1,0.0,0.0,1,0.0,0.0,0,0.0
1516527,Bottles/Cans,2,0.0,0.0,0,0.0,0.0,0,0.0
1516527,Bottles/Cans,3,0.0,0.0,0,0.0,0.0,0,0.0
1516527,Bottles/Cans,4,0.0,0.0,0,0.0,0.0,0,0.0
1516527,Bottles/Cans,5,0.0,0.0,0,0.0,0.0,0,0.0
1516527,Bottles/Cans,6,0.0,0.0,0,0.0,0.0,0,0.0
1516529,Bottles/Cans,0,0.0,0.0,0,0.0,0.0,0,0.0
1516529,Bottles/Cans,1,0.0,0.0,1,0.0,0.0,0,0.0
1516529,Bottles/Cans,2,0.0,0.0,0,0.0,0.0,0,0.0
1516529,Bottles/Cans,3,0.0,0.0,0,0.0,0.0,0,0.0
1516529,Bottles/Cans,4,0.0,0.0,0,0.0,0.0,0,0.0
1516529,Bottles/Cans,5,0.0,0.0,0,0.0,0.0,0,0.0
1516529,Bottles/Cans,6,0.0,0.0,0,0.0,0.0,0,0.0
1516532,Bottles/Cans,0,80.23,53.48,0,0.0,80.23,0,0.0
1516532,Bottles/Cans,1,93.6,62.4,1,93.6,0.0,0,0.0
1516532,Bottles/Cans,2,13.37,8.91,0,0.0,13.37,0,0.0
1516532,Bottles/Cans,3,26.74,17.83,0,0.0,26.74,0,0.0
1516532,Bottles/Cans,4,40.11,26.74,0,0.0,40.11,0,0.0
1516532,Bottles/Cans,5,53.48,35.66,0,0.0,53.48,0,0.0
1516532,Bottles/Cans,6,66.86,44.57,0,0.0,66.86,0,0.0
1516533,Bottles/Cans,0,26.49,17.66,0,0.0,26.49,0,0.0
1516533,Bottles/Cans,1,30.9,20.6,1,30.9,0.0,0,0.0
1516533,Bottles/Cans,2,4.41,2.94,0,0.0,4.41,0,0.0
1516533,Bottles/Cans,3,8.83,5.89,0,0.0,8.83,0,0.0
1516533,Bottles/Cans,4,13.24,8.83,0,0.0,13.24,0,0.0
1516533,Bottles/Cans,5,17.66,11.77,0,0.0,17.66,0,0.0
1516533,Bottles/Cans,6,22.07,14.71,0,0.0,22.07,0,0.0
1516534,Bottles/Cans,0,0.0,0.0,0,0.0,0.0,0,0.0
1516534,Bottles/Cans,1,0.0,0.0,1,0.0,0.0,0,0.0
1516534,Bottles/Cans,2,0.0,0.0,0,0.0,0.0,0,0.0
1516534,Bottles/Cans,3,0.0,0.0,0,0.0,0.0,0,0.0
1516534,Bottles/Cans,4,0.0,0.0,0,0.0,0.0,0,0.0
1516534,Bottles/Cans,5,0.0,0.0,0,0.0,0.0,0,0.0
1516534,Bottles/Cans,6,0.0,0.0,0,0.0,0.0,0,0.0
1516535,Bottles/Cans,0,70.58,47.05,0,0.0,70.58,0,0.0
1516535,Bottles/Cans,1,82.34,54.89,1,82.34,0.0,0,0.0
1516535,Bottles/Cans,2,11.76,7.84,0,0.0,11.76,0,0.0
1516535,Bottles/Cans,3,23.53,15.68,0,0.0,23.53,0,0.0
1516535,Bottles/Cans,4,35.29,23.53,0,0.0,35.29,0,0.0
1516535,Bottles/Cans,5,47.05,31.37,0,0.0,47.05,0,0.0
1516535,Bottles/Cans,6,58.81,39.21,0,0.0,58.81,0,0.0
1516538,Compostables,0,54.18,36.12,1,54.18,0.0,0,0.0
1516538,Compostables,1,9.03,6.02,0,0.0,9.03,0,0.0
1516538,Compostables,2,18.06,12.04,0,0.0,18.06,0,0.0
1516538,Compostables,3,27.09,18.06,0,0.0,27.09,0,0.0
1516538,Compostables,4,36.12,24.08,0,0.0,36.12,0,0.0
1516538,Compostables,5,45.15,30.1,0,0.0,45.15,0,0.0
1516538,Compostables,6,54.18,36.12,0,0.0,54.18,0,0.0
1516543,Compostables,0,78.13,52.09,1,78.13,0.0,0,0.0
1516543,Compostables,1,13.02,8.68,0,0.0,13.02,0,0.0
1516543,Compostables,2,26.04,17.36,0,0.0,26.04,0,0.0
1516543,Compostables,3,39.07,26.04,0,0.0,39.07,0,0.0
1516543,Compostables,4,52.09,34.73,0,0.0,52.09,0,0.0
1516543,Compostables,5,65.11,43.41,0,0.0,65.11,0,0.0
1516543,Compostables,6,78.13,52.09,0,0.0,78.13,0,0.0
1516556,Waste,0,81.3,54.2,1,81.3,0.0,0,0.0
1516556,Waste,1,13.55,9.03,0,0.0,13.55,0,0.0
1516556,Waste,2,27.1,18.07,0,0.0,27.1,0,0.0
1516556,Waste,3,40.65,27.1,0,0.0,40.65,0,0.0
1516556,Waste,4,54.2,36.14,0,0.0,54.2,0,0.0
1516556,Waste,5,67.75,45.17,0,0.0,67.75,0,0.0
1516556,Waste,6,81.3,54.2,0,0.0,81.3,0,0.0
1520905,Bottles/Cans,0,0.0,0.0,0,0.0,0.0,0,0.0
1520905,Bottles/Cans,1,0.0,0.0,1,0.0,0.0,0,0.0
1520905,Bottles/Cans,2,0.0,0.0,0,0.0,0.0,0,0.0
1520905,Bottles/Cans,3,0.0,0.0,0,0.0,0.0,0,0.0
1520905,Bottles/Cans,4,0.0,0.0,0,0.0,0.0,0,0.0
1520905,Bottles/Cans,5,0.0,0.0,0,0.0,0.0,0,0.0
1520905,Bottles/Cans,6,0.0,0.0,0,0.0,0.0,0,0.0
1520909,Bottles/Cans,0,49.41,32.94,0,0.0,49.41,0,0.0
1520909,Bottles/Cans,1,57.65,38.43,1,57.65,0.0,0,0.0
1520909,Bottles/Cans,2,8.24,5.49,0,0.0,8.24,0,0.0
1520909,Bottles/Cans,3,16.47,10.98,0,0.0,16.47,0,0.0
1520909,Bottles/Cans,4,24.71,16.47,0,0.0,24.71,0,0.0
1520909,Bottles/Cans,5,32.94,21.96,0,0.0,32.94,0,0.0
1520909,Bottles/Cans,6,41.18,27.45,0,0.0,41.18,0,0.0
1520910,Bottles/Cans,0,0.0,0.0,0,0.0,0.0,0,0.0
1520910,Bottles/Cans,1,0.0,0.0,1,0.0,0.0,0,0.0
1520910,Bottles/Cans,2,0.0,0.0,0,0.0,0.0,0,0.0
1520910,Bottles/Cans,3,0.0,0.0,0,0.0,0.0,0,0.0
1520910,Bottles/Cans,4,0.0,0.0,0,0.0,0.0,0,0.0
1520910,Bottles/Cans,5,0.0,0.0,0,0.0,0.0,0,0.0
1520910,Bottles/Cans,6,0.0,0.0,0,0.0,0.0,0,0.0
1520925,Compostables,0,16.31,10.87,0,0.0,16.31,0,0.0
1520925,Compostables,1,19.02,12.68,1,19.02,0.0,0,0.0
1520925,Compostables,2,2.72,1.81,0,0.0,2.72,0,0.0
1520925,Compostables,3,5.44,3.62,0,0.0,5.44,0,0.0
1520925,Compostables,4,8.15,5.44,0,0.0,8.15,0,0.0
1520925,Compostables,5,10.87,7.25,0,0.0,10.87,0,0.0
1520925,Compostables,6,13.59,9.06,0,0.0,13.59,0,0.0
2502339,Bottles/Cans,0,93.94,62.63,0,0.0,93.94,0,0.0
2502339,Bottles/Cans,1,109.59,73.06,1,109.59,0.0,0,0.0
2502339,Bottles/Cans,2,15.66,10.44,0,0.0,15.66,0,0.0
2502339,Bottles/Cans,3,31.31,20.88,0,0.0,31.31,0,0.0
2502339,Bottles/Cans,4,46.97,31.31,0,0.0,46.97,0,0.0
2502339,Bottles/Cans,5,62.63,41.75,0,0.0,62.63,0,0.0
2502339,Bottles/Cans,6,78.28,52.19,0,0.0,78.28,0,0.0
2503770,Bottles/Cans,0,0.0,0.0,0,0.0,0.0,0,0.0
2503770,Bottles/Cans,1,0.0,0.0,1,0.0,0.0,0,0.0
2503770,Bottles/Cans,2,0.0,0.0,0,0.0,0.0,0,0.0
2503770,Bottles/Cans,3,0.0,0.0,0,0.0,0.0,0,0.0
2503770,Bottles/Cans,4,0.0,0.0,0,0.0,0.0,0,0.0
2503770,Bottles/Cans,5,0.0,0.0,0,0.0,0.0,0,0.0
2503770,Bottles/Cans,6,0.0,0.0,0,0.0,0.0,0,0.0
2503771,Bottles/Cans,0,0.0,0.0,0,0.0,0.0,0,0.0
2503771,Bottles/Cans,1,0.0,0.0,1,0.0,0.0,0,0.0
2503771,Bottles/Cans,2,0.0,0.0,0,0.0,0.0,0,0.0
2503771,Bottles/Cans,3,0.0,0.0,0,0.0,0.0,0,0.0
2503771,Bottles/Cans,4,0.0,0.0,0,0.0,0.0,0,0.0
2503771,Bottles/Cans,5,0.0,0.0,0,0.0,0.0,0,0.0
2503771,Bottles/Cans,6,0.0,0.0,0,0.0,0.0,0,0.0
2503773,Bottles/Cans,0,20.43,13.62,0,0.0,20.43,0,0.0
2503773,Bottles/Cans,1,23.83,15.89,1,23.83,0.0,0,0.0
2503773,Bottles/Cans,2,3.4,2.27,0,0.0,3.4,0,0.0
2503773,Bottles/Cans,3,6.81,4.54,0,0.0,6.81,0,0.0
2503773,Bottles/Cans,4,10.21,6.81,0,0.0,10.21,0,0.0
2503773,Bottles/Cans,5,13.62,9.08,0,0.0,13.62,0,0.0
2503773,Bottles/Cans,6,17.02,11.35,0,0.0,17.02,0,0.0
2503774,Bottles/Cans,0,65.72,43.82,1,65.72,0.0,0,0.0
2503774,Bottles/Cans,1,10.95,7.3,0,0.0,10.95,0,0.0
2503774,Bottles/Cans,2,21.91,14.61,0,0.0,21.91,0,0.0
2503774,Bottles/Cans,3,32.86,21.91,0,0.0,32.86,0,0.0
2503774,Bottles/Cans,4,43.82,29.21,0,0.0,43.82,0,0.0
2503774,Bottles/Cans,5,54.77,36.51,0,0.0,54.77,0,0.0
2503774,Bottles/Cans,6,65.72,43.82,0,0.0,65.72,0,0.0
1503621,Waste,0,79.43,52.95,1,79.43,0.0,0,0.0
1503621,Waste,1,15.89,10.59,0,0.0,15.89,0,0.0
1503621,Waste,2,31.77,21.18,0,0.0,31.77,0,0.0
1503621,Waste,3,47.66,31.77,0,0.0,47.66,0,0.0
1503621,Waste,4,63.54,42.36,0,0.0,63.54,0,0.0
1503621,Waste,5,79.43,52.95,0,0.0,79.43,0,0.0
1503621,Waste,6,95.32,63.54,0,0.0,95.32,0,5.32
1516537,Compostables,0,75.12,50.08,1,75.12,0.0,0,0.0
1516537,Compostables,1,15.02,10.02,1,15.02,0.0,0,0.0
1516537,Compostables,2,15.02,10.02,0,0.0,15.02,0,0.0
1516537,Compostables,3,30.05,20.03,0,0.0,30.05,0,0.0
1516537,Compostables,4,45.07,30.05,0,0.0,45.07,0,0.0
1516537,Compostables,5,60.09,40.06,0,0.0,60.09,0,0.0
1516537,Compostables,6,75.12,50.08,0,0.0,75.12,0,0.0
1515666,Waste,0,68.04,45.36,0,0.0,68.04,0,0.0
1515666,Waste,1,90.72,60.48,1,90.72,0.0,0,0.72
1515666,Waste,2,22.68,15.12,0,0.0,22.68,0,0.0
1515666,Waste,3,45.36,30.24,0,0.0,45.36,0,0.0
1515666,Waste,4,68.04,45.36,0,0.0,68.04,0,0.0
1515666,Waste,5,90.72,60.48,0,0.0,90.72,0,0.72
1515666,Waste,6,113.41,75.6,0,0.0,113.41,0,23.41
1515670,Waste,0,85.04,56.69,1,85.04,0.0,0,0.0
1515670,Waste,1,28.35,18.9,0,0.0,28.35,0,0.0
1515670,Waste,2,56.69,37.8,0,0.0,56.69,0,0.0
1515670,Waste,3,85.04,56.69,1,85.04,0.0,0,0.0
1515670,Waste,4,28.35,18.9,0,0.0,28.35,0,0.0
1515670,Waste,5,56.69,37.8,0,0.0,56.69,0,0.0
1515670,Waste,6,85.04,56.69,0,0.0,85.04,0,0.0
1515704,Waste,0,73.89,49.26,1,73.89,0.0,0,0.0
1515704,Waste,1,24.63,16.42,0,0.0,24.63,0,0.0
1515704,Waste,2,49.26,32.84,1,49.26,0.0,0,0.0
1515704,Waste,3,24.63,16.42,0,0.0,24.63,0,0.0
1515704,Waste,4,49.26,32.84,0,0.0,49.26,0,0.0
1515704,Waste,5,73.89,49.26,0,0.0,73.89,0,0.0
1515704,Waste,6,98.52,65.68,0,0.0,98.52,0,8.52
1514023,Waste,0,61.95,41.3,1,61.95,0.0,0,0.0
1514023,Waste,1,30.98,20.65,0,0.0,30.98,0,0.0
1514023,Waste,2,61.95,41.3,1,61.95,0.0,0,0.0
1514023,Waste,3,30.98,20.65,0,0.0,30.98,0,0.0
1514023,Waste,4,61.95,41.3,0,0.0,61.95,0,0.0
1514023,Waste,5,92.93,61.95,1,92.93,0.0,0,2.93
1514023,Waste,6,30.98,20.65,0,0.0,30.98,0,0.0
1515673,Waste,0,85.01,56.67,1,85.01,0.0,0,0.0
1515673,Waste,1,42.51,28.34,0,0.0,42.51,0,0.0
1515673,Waste,2,85.01,56.67,1,85.01,0.0,0,0.0
1515673,Waste,3,42.51,28.34,0,0.0,42.51,0,0.0
1515673,Waste,4,85.01,56.67,1,85.01,0.0,0,0.0
1515673,Waste,5,42.51,28.34,0,0.0,42.51,0,0.0
1515673,Waste,6,85.01,56.67,0,0.0,85.01,0,0.0
1515680,Waste,0,55.14,36.76,1,55.14,0.0,0,0.0
1515680,Waste,1,55.14,36.76,0,0.0,55.14,0,0.0
1515680,Waste,2,110.28,73.52,1,110.28,0.0,0,20.28
1515680,Waste,3,55.14,36.76,0,0.0,55.14,0,0.0
1515680,Waste,4,110.28,73.52,1,110.28,0.0,0,20.28
1515680,Waste,5,55.14,36.76,0,0.0,55.14,0,0.0
1515680,Waste,6,110.28,73.52,0,0.0,110.28,0,20.28
1515692,Waste,0,46.7,31.14,1,46.7,0.0,0,0.0
1515692,Waste,1,46.7,31.14,0,0.0,46.7,0,0.0
1515692,Waste,2,93.41,62.27,1,93.41,0.0,0,3.41
1515692,Waste,3,46.7,31.14,0,0.0,46.7,0,0.0
1515692,Waste,4,93.41,62.27,1,93.41,0.0,0,3.41
1515692,Waste,5,46.7,31.14,0,0.0,46.7,0,0.0
1515692,Waste,6,93.41,62.27,0,0.0,93.41,0,3.41
1515693,Waste,0,48.91,32.6,0,0.0,48.91,0,0.0
1515693,Waste,1,97.81,65.21,1,97.81,0.0,0,7.81
1515693,Waste,2,48.91,32.6,0,0.0,48.91,0,0.0
1515693,Waste,3,97.81,65.21,1,97.81,0.0,0,7.81
1515693,Waste,4,48.91,32.6,1,48.91,0.0,0,0.0
1515693,Waste,5,48.91,32.6,0,0.0,48.91,0,0.0
1515693,Waste,6,97.81,65.21,0,0.0,97.81,0,7.81
1515696,Waste,0,60.88,40.58,1,60.88,0.0,0,0.0
1515696,Waste,1,60.88,40.58,1,60.88,0.0,0,0.0
1515696,Waste,2,60.88,40.58,1,60.88,0.0,0,0.0
1515696,Waste,3,60.88,40.58,1,60.88,0.0,0,0.0
1515696,Waste,4,60.88,40.58,1,60.88,0.0,0,0.0
1515696,Waste,5,60.88,40.58,1,60.88,0.0,0,0.0
1515696,Waste,6,60.88,40.58,0,0.0,60.88,0,0.0
1515711,Waste,0,58.33,38.89,1,58.33,0.0,0,0.0
1515711,Waste,1,58.33,38.89,1,58.33,0.0,0,0.0
1515711,Waste,2,58.33,38.89,0,0.0,58.33,0,0.0
1515711,Waste,3,116.66,77.77,1,116.66,0.0,0,26.66
1515711,Waste,4,58.33,38.89,0,0.0,58.33,0,0.0
1515711,Waste,5,116.66,77.77,1,116.66,0.0,0,26.66
1515711,Waste,6,58.33,38.89,0,0.0,58.33,0,0.0
1515744,Waste,0,49.68,33.12,0,0.0,49.68,0,0.0
1515744,Waste,1,99.36,66.24,1,99.36,0.0,0,9.36
1515744,Waste,2,49.68,33.12,0,0.0,49.68,0,0.0
1515744,Waste,3,99.36,66.24,1,99.36,0.0,0,9.36
1515744,Waste,4,49.68,33.12,0,0.0,49.68,0,0.0
1515744,Waste,5,99.36,66.24,1,99.36,0.0,0,9.36
1515744,Waste,6,49.68,33.12,0,0.0,49.68,0,0.0
1515747,Waste,0,58.5,39.0,1,58.5,0.0,0,0.0
1515747,Waste,1,58.5,39.0,1,58.5,0.0,0,0.0
1515747,Waste,2,58.5,39.0,0,0.0,58.5,0,0.0
1515747,Waste,3,116.99,78.0,1,116.99,0.0,0,26.99
1515747,Waste,4,58.5,39.0,1,58.5,0.0,0,0.0
1515747,Waste,5,58.5,39.0,1,58.5,0.0,0,0.0
1515747,Waste,6,58.5,39.0,0,0.0,58.5,0,0.0
1515755,Compostables,0,46.73,31.15,0,0.0,46.73,0,0.0
1515755,Compostables,1,93.46,62.3,1,93.46,0.0,0,3.46
1515755,Compostables,2,46.73,31.15,1,46.73,0.0,0,0.0
1515755,Compostables,3,46.73,31.15,0,0.0,46.73,0,0.0
1515755,Compostables,4,93.46,62.3,1,93.46,0.0,0,3.46
1515755,Compostables,5,46.73,31.15,0,0.0,46.73,0,0.0
1515755,Compostables,6,93.46,62.3,0,0.0,93.46,0,3.46
1515758,Compostables,0,45.93,30.62,1,45.93,0.0,0,0.0
1515758,Compostables,1,45.93,30.62,0,0.0,45.93,0,0.0
1515758,Compostables,2,91.86,61.24,1,91.86,0.0,0,1.86
1515758,Compostables,3,45.93,30.62,0,0.0,45.93,0,0.0
1515758,Compostables,4,91.86,61.24,1,91.86,0.0,0,1.86
1515758,Compostables,5,45.93,30.62,0,0.0,45.93,0,0.0
1515758,Compostables,6,91.86,61.24,0,0.0,91.86,0,1.86
1515759,Compostables,0,59.62,39.74,1,59.62,0.0,0,0.0
1515759,Compostables,1,59.62,39.74,1,59.62,0.0,0,0.0
1515759,Compostables,2,59.62,39.74,1,59.62,0.0,0,0.0
1515759,Compostables,3,59.62,39.74,0,0.0,59.62,0,0.0
1515759,Compostables,4,119.23,79.49,1,119.23,0.0,0,29.23
1515759,Compostables,5,59.62,39.74,1,59.62,0.0,0,0.0
1515759,Compostables,6,59.62,39.74,0,0.0,59.62,0,0.0
1515785,Compostables,0,49.71,33.14,0,0.0,49.71,0,0.0
1515785,Compostables,1,59.65,39.77,0,0.0,59.65,0,0.0
1515785,Compostables,2,69.6,46.4,1,69.6,0.0,0,0.0
1515785,Compostables,3,9.94,6.63,0,0.0,9.94,0,0.0
1515785,Compostables,4,19.88,13.26,0,0.0,19.88,0,0.0
1515785,Compostables,5,29.83,19.88,0,0.0,29.83,0,0.0
1515785,Compostables,6,39.77,26.51,0,0.0,39.77,0,0.0
1520924,Compostables,0,50.6,33.73,0,0.0,50.6,0,0.0
1520924,Compostables,1,60.72,40.48,0,0.0,60.72,0,0.0
1520924,Compostables,2,70.84,47.23,1,70.84,0.0,0,0.0
1520924,Compostables,3,10.12,6.75,0,0.0,10.12,0,0.0
1520924,Compostables,4,20.24,13.49,0,0.0,20.24,0,0.0
1520924,Compostables,5,30.36,20.24,0,0.0,30.36,0,0.0
1520924,Compostables,6,40.48,26.99,0,0.0,40.48,0,0.0
1515715,Compostables,0,65.74,43.83,0,0.0,65.74,0,0.0
1515715,Compostables,1,87.66,58.44,0,0.0,87.66,0,0.0
1515715,Compostables,2,109.57,73.05,1,109.57,0.0,0,19.57
1515715,Compostables,3,21.91,14.61,0,0.0,21.91,0,0.0
1515715,Compostables,4,43.83,29.22,0,0.0,43.83,0,0.0
1515715,Compostables,5,65.74,43.83,0,0.0,65.74,0,0.0
1515715,Compostables,6,87.66,58.44,0,0.0,87.66,0,0.0
1514024,Waste,0,56.21,37.48,1,56.21,0.0,0,0.0
1514024,Waste,1,28.11,18.74,1,28.11,0.0,0,0.0
1514024,Waste,2,28.11,18.74,0,0.0,28.11,0,0.0
1514024,Waste,3,56.21,37.48,0,0.0,56.21,0,0.0
1514024,Waste,4,84.32,56.21,0,0.0,84.32,0,0.0
1514024,Waste,5,112.43,74.95,0,0.0,112.43,0,22.43
1514024,Waste,6,140.53,93.69,0,0.0,140.53,0,50.53
1515671,Waste,0,59.52,39.68,0,0.0,59.52,0,0.0
1515671,Waste,1,89.28,59.52,1,89.28,0.0,0,0.0
1515671,Waste,2,29.76,19.84,0,0.0,29.76,0,0.0
1515671,Waste,3,59.52,39.68,1,59.52,0.0,0,0.0
1515671,Waste,4,29.76,19.84,0,0.0,29.76,0,0.0
1515671,Waste,5,59.52,39.68,0,0.0,59.52,0,0.0
1515671,Waste,6,89.28,59.52,0,0.0,89.28,0,0.0
1515700,Waste,0,47.73,31.82,0,0.0,47.73,0,0.0
1515700,Waste,1,71.59,47.73,0,0.0,71.59,0,0.0
1515700,Waste,2,95.45,63.63,1,95.45,0.0,0,5.45
1515700,Waste,3,23.86,15.91,0,0.0,23.86,0,0.0
1515700,Waste,4,47.73,31.82,0,0.0,47.73,0,0.0
1515700,Waste,5,71.59,47.73,0,0.0,71.59,0,0.0
1515700,Waste,6,95.45,63.63,0,0.0,95.45,0,5.45
1515714,Compostables,0,46.19,30.79,0,0.0,46.19,0,0.0
1515714,Compostables,1,69.28,46.19,1,69.28,0.0,0,0.0
1515714,Compostables,2,23.09,15.4,0,0.0,23.09,0,0.0
1515714,Compostables,3,46.19,30.79,0,0.0,46.19,0,0.0
1515714,Compostables,4,69.28,46.19,1,69.28,0.0,0,0.0
1515714,Compostables,5,23.09,15.4,0,0.0,23.09,0,0.0
1515714,Compostables,6,46.19,30.79,0,0.0,46.19,0,0.0
1520913,Waste,0,46.39,30.93,1,46.39,0.0,0,0.0
1520913,Waste,1,23.2,15.46,0,0.0,23.2,0,0.0
1520913,Waste,2,46.39,30.93,0,0.0,46.39,0,0.0
1520913,Waste,3,69.59,46.39,1,69.59,0.0,0,0.0
1520913,Waste,4,23.2,15.46,0,0.0,23.2,0,0.0
1520913,Waste,5,46.39,30.93,0,0.0,46.39,0,0.0
1520913,Waste,6,69.59,46.39,0,0.0,69.59,0,0.0
2503766,Waste,0,46.25,30.83,0,0.0,46.25,0,0.0
2503766,Waste,1,69.37,46.25,1,69.37,0.0,0,0.0
2503766,Waste,2,23.12,15.42,0,0.0,23.12,0,0.0
2503766,Waste,3,46.25,30.83,0,0.0,46.25,0,0.0
2503766,Waste,4,69.37,46.25,0,0.0,69.37,0,0.0
2503766,Waste,5,92.49,61.66,0,0.0,92.49,0,2.49
2503766,Waste,6,115.61,77.08,0,0.0,115.61,0,25.61
1515667,Waste,0,41.69,27.79,0,0.0,41.69,0,0.0
1515667,Waste,1,83.38,55.59,1,83.38,0.0,0,0.0
1515667,Waste,2,41.69,27.79,0,0.0,41.69,0,0.0
1515667,Waste,3,83.38,55.59,1,83.38,0.0,0,0.0
1515667,Waste,4,41.69,27.79,0,0.0,41.69,0,0.0
1515667,Waste,5,83.38,55.59,1,83.38,0.0,0,0.0
1515667,Waste,6,41.69,27.79,0,0.0,41.69,0,0.0
1515685,Compostables,0,38.95,25.97,1,38.95,0.0,0,0.0
1515685,Compostables,1,38.95,25.97,0,0.0,38.95,0,0.0
1515685,Compostables,2,77.91,51.94,1,77.91,0.0,0,0.0
1515685,Compostables,3,38.95,25.97,0,0.0,38.95,0,0.0
1515685,Compostables,4,77.91,51.94,1,77.91,0.0,0,0.0
1515685,Compostables,5,38.95,25.97,0,0.0,38.95,0,0.0
1515685,Compostables,6,77.91,51.94,0,0.0,77.91,0,0.0
1515718,Compostables,0,30.25,20.16,1,30.25,0.0,0,0.0
1515718,Compostables,1,30.25,20.16,0,0.0,30.25,0,0.0
1515718,Compostables,2,60.49,40.33,0,0.0,60.49,0,0.0
1515718,Compostables,3,90.74,60.49,1,90.74,0.0,0,0.74
1515718,Compostables,4,30.25,20.16,0,0.0,30.25,0,0.0
1515718,Compostables,5,60.49,40.33,0,0.0,60.49,0,0.0
1515718,Compostables,6,90.74,60.49,0,0.0,90.74,0,0.74
1515783,Waste,0,32.13,21.42,0,0.0,32.13,0,0.0
1515783,Waste,1,64.25,42.84,1,64.25,0.0,0,0.0
1515783,Waste,2,32.13,21.42,0,0.0,32.13,0,0.0
1515783,Waste,3,64.25,42.84,1,64.25,0.0,0,0.0
1515783,Waste,4,32.13,21.42,0,0.0,32.13,0,0.0
1515783,Waste,5,64.25,42.84,0,0.0,64.25,0,0.0
1515783,Waste,6,96.38,64.25,0,0.0,96.38,0,6.38
1515786,Compostables,0,34.96,23.31,0,0.0,34.96,0,0.0
1515786,Compostables,1,69.92,46.61,1,69.92,0.0,0,0.0
1515786,Compostables,2,34.96,23.31,0,0.0,34.96,0,0.0
1515786,Compostables,3,69.92,46.61,0,0.0,69.92,0,0.0
1515786,Compostables,4,104.88,69.92,1,104.88,0.0,0,14.88
1515786,Compostables,5,34.96,23.31,0,0.0,34.96,0,0.0
1515786,Compostables,6,69.92,46.61,0,0.0,69.92,0,0.0
1515790,Compostables,0,33.41,22.27,0,0.0,33.41,0,0.0
1515790,Compostables,1,66.82,44.55,1,66.82,0.0,0,0.0
1515790,Compostables,2,33.41,22.27,0,0.0,33.41,0,0.0
1515790,Compostables,3,66.82,44.55,0,0.0,66.82,0,0.0
1515790,Compostables,4,100.23,66.82,1,100.23,0.0,0,10.23
1515790,Compostables,5,33.41,22.27,0,0.0,33.41,0,0.0
1515790,Compostables,6,66.82,44.55,0,0.0,66.82,0,0.0
1515791,Compostables,0,44.65,29.77,1,44.65,0.0,0,0.0
1515791,Compostables,1,44.65,29.77,0,0.0,44.65,0,0.0
1515791,Compostables,2,89.3,59.53,1,89.3,0.0,0,0.0
1515791,Compostables,3,44.65,29.77,0,0.0,44.65,0,0.0
1515791,Compostables,4,89.3,59.53,1,89.3,0.0,0,0.0
1515791,Compostables,5,44.65,29.77,0,0.0,44.65,0,0.0
1515791,Compostables,6,89.3,59.53,0,0.0,89.3,0,0.0
2503768,Waste,0,39.21,26.14,0,0.0,39.21,0,0.0
2503768,Waste,1,78.42,52.28,1,78.42,0.0,0,0.0
2503768,Waste,2,39.21,26.14,0,0.0,39.21,0,0.0
2503768,Waste,3,78.42,52.28,1,78.42,0.0,0,0.0
2503768,Waste,4,39.21,26.14,1,39.21,0.0,0,0.0
2503768,Waste,5,39.21,26.14,0,0.0,39.21,0,0.0
2503768,Waste,6,78.42,52.28,0,0.0,78.42,0,0.0
1514010,Compostables,0,0.0,0.0,0,0.0,0.0,0,0.0
1514010,Compostables,1,58.34,38.89,0,0.0,58.34,0,0.0
1514010,Compostables,2,116.68,77.79,1,116.68,0.0,0,26.68
1514010,Compostables,3,58.34,38.89,1,58.34,0.0,0,0.0
1514010,Compostables,4,58.34,38.89,0,0.0,58.34,0,0.0
1514010,Compostables,5,116.68,77.79,1,116.68,0.0,0,26.68
1514010,Compostables,6,58.34,38.89,0,0.0,58.34,0,0.0
1515672,Waste,0,0.0,0.0,0,0.0,0.0,0,0.0
1515672,Waste,1,45.94,30.63,0,0.0,45.94,0,0.0
1515672,Waste,2,91.88,61.26,1,91.88,0.0,0,1.88
1515672,Waste,3,45.94,30.63,0,0.0,45.94,0,0.0
1515672,Waste,4,91.88,61.26,1,91.88,0.0,0,1.88
1515672,Waste,5,45.94,30.63,0,0.0,45.94,0,0.0
1515672,Waste,6,91.88,61.26,0,0.0,91.88,0,1.88
1515694,Waste,0,0.0,0.0,0,0.0,0.0,0,0.0
1515694,Waste,1,59.48,39.66,1,59.48,0.0,0,0.0
1515694,Waste,2,59.48,39.66,1,59.48,0.0,0,0.0
1515694,Waste,3,59.48,39.66,1,59.48,0.0,0,0.0
1515694,Waste,4,59.48,39.66,0,0.0,59.48,0,0.0
1515694,Waste,5,118.97,79.31,1,118.97,0.0,0,28.97
1515694,Waste,6,59.48,39.66,0,0.0,59.48,0,0.0
1515749,Compostables,0,0.0,0.0,0,0.0,0.0,0,0.0
1515749,Compostables,1,52.73,35.15,0,0.0,52.73,0,0.0
1515749,Compostables,2,105.46,70.31,1,105.46,0.0,0,15.46
1515749,Compostables,3,52.73,35.15,0,0.0,52.73,0,0.0
1515749,Compostables,4,105.46,70.31,1,105.46,0.0,0,15.46
1515749,Compostables,5,52.73,35.15,0,0.0,52.73,0,0.0
1515749,Compostables,6,105.46,70.31,0,0.0,105.46,0,15.46
1515753,Compostables,0,0.0,0.0,0,0.0,0.0,0,0.0
1515753,Compostables,1,59.71,39.81,1,59.71,0.0,0,0.0
1515753,Compostables,2,59.71,39.81,1,59.71,0.0,0,0.0
1515753,Compostables,3,59.71,39.81,1,59.71,0.0,0,0.0
1515753,Compostables,4,59.71,39.81,1,59.71,0.0,0,0.0
1515753,Compostables,5,59.71,39.81,1,59.71,0.0,0,0.0
1515753,Compostables,6,59.71,39.81,0,0.0,59.71,0,0.0
1514005,Compostables,0,41.44,27.63,0,0.0,41.44,0,0.0
1514005,Compostables,1,62.16,41.44,0,0.0,62.16,0,0.0
1514005,Compostables,2,82.88,55.25,1,82.88,0.0,0,0.0
1514005,Compostables,3,20.72,13.81,0,0.0,20.72,0,0.0
1514005,Compostables,4,41.44,27.63,0,0.0,41.44,0,0.0
1514005,Compostables,5,62.16,41.44,0,0.0,62.16,0,0.0
1514005,Compostables,6,82.88,55.25,0,0.0,82.88,0,0.0
1515695,Waste,0,36.56,24.37,0,0.0,36.56,0,0.0
1515695,Waste,1,54.84,36.56,0,0.0,54.84,0,0.0
1515695,Waste,2,73.12,48.74,1,73.12,0.0,0,0.0
1515695,Waste,3,18.28,12.19,0,0.0,18.28,0,0.0
1515695,Waste,4,36.56,24.37,0,0.0,36.56,0,0.0
1515695,Waste,5,54.84,36.56,0,0.0,54.84,0,0.0
1515695,Waste,6,73.12,48.74,0,0.0,73.12,0,0.0
1515710,Waste,0,44.13,29.42,0,0.0,44.13,0,0.0
1515710,Waste,1,66.19,44.13,0,0.0,66.19,0,0.0
1515710,Waste,2,88.25,58.84,1,88.25,0.0,0,0.0
1515710,Waste,3,22.06,14.71,0,0.0,22.06,0,0.0
1515710,Waste,4,44.13,29.42,0,0.0,44.13,0,0.0
1515710,Waste,5,66.19,44.13,0,0.0,66.19,0,0.0
1515710,Waste,6,88.25,58.84,0,0.0,88.25,0,0.0
1516548,Waste,0,43.16,28.77,0,0.0,43.16,0,0.0
1516548,Waste,1,64.74,43.16,0,0.0,64.74,0,0.0
1516548,Waste,2,86.31,57.54,1,86.31,0.0,0,0.0
1516548,Waste,3,21.58,14.39,0,0.0,21.58,0,0.0
1516548,Waste,4,43.16,28.77,0,0.0,43.16,0,0.0
1516548,Waste,5,64.74,43.16,0,0.0,64.74,0,0.0
1516548,Waste,6,86.31,57.54,0,0.0,86.31,0,0.0
1516550,Waste,0,44.97,29.98,0,0.0,44.97,0,0.0
1516550,Waste,1,67.46,44.97,0,0.0,67.46,0,0.0
1516550,Waste,2,89.95,59.96,1,89.95,0.0,0,0.0
1516550,Waste,3,22.49,14.99,0,0.0,22.49,0,0.0
1516550,Waste,4,44.97,29.98,0,0.0,44.97,0,0.0
1516550,Waste,5,67.46,44.97,0,0.0,67.46,0,0.0
1516550,Waste,6,89.95,59.96,0,0.0,89.95,0,0.0
1516555,Waste,0,36.63,24.42,0,0.0,36.63,0,0.0
1516555,Waste,1,54.94,36.63,0,0.0,54.94,0,0.0
1516555,Waste,2,73.25,48.83,1,73.25,0.0,0,0.0
1516555,Waste,3,18.31,12.21,0,0.0,18.31,0,0.0
1516555,Waste,4,36.63,24.42,0,0.0,36.63,0,0.0
1516555,Waste,5,54.94,36.63,0,0.0,54.94,0,0.0
1516555,Waste,6,73.25,48.83,0,0.0,73.25,0,0.0
1503624,Waste,0,29.77,19.84,0,0.0,29.77,0,0.0
1503624,Waste,1,59.53,39.69,0,0.0,59.53,0,0.0
1503624,Waste,2,89.3,59.53,1,89.3,0.0,0,0.0
1503624,Waste,3,29.77,19.84,0,0.0,29.77,0,0.0
1503624,Waste,4,59.53,39.69,1,59.53,0.0,0,0.0
1503624,Waste,5,29.77,19.84,0,0.0,29.77,0,0.0
1503624,Waste,6,59.53,39.69,0,0.0,59.53,0,0.0
1503632,Waste,0,26.22,17.48,0,0.0,26.22,0,0.0
1503632,Waste,1,52.45,34.97,0,0.0,52.45,0,0.0
1503632,Waste,2,78.67,52.45,1,78.67,0.0,0,0.0
1503632,Waste,3,26.22,17.48,0,0.0,26.22,0,0.0
1503632,Waste,4,52.45,34.97,0,0.0,52.45,0,0.0
1503632,Waste,5,78.67,52.45,0,0.0,78.67,0,0.0
1503632,Waste,6,104.9,69.93,0,0.0,104.9,0,14.9
1503633,Waste,0,24.27,16.18,0,0.0,24.27,0,0.0
1503633,Waste,1,48.55,32.37,0,0.0,48.55,0,0.0
1503633,Waste,2,72.82,48.55,0,0.0,72.82,0,0.0
1503633,Waste,3,97.1,64.73,1,97.1,0.0,0,7.1
1503633,Waste,4,24.27,16.18,0,0.0,24.27,0,0.0
1503633,Waste,5,48.55,32.37,0,0.0,48.55,0,0.0
1503633,Waste,6,72.82,48.55,0,0.0,72.82,0,0.0
1515678,Waste,0,23.68,15.79,0,0.0,23.68,0,0.0
1515678,Waste,1,47.36,31.57,0,0.0,47.36,0,0.0
1515678,Waste,2,71.04,47.36,1,71.04,0.0,0,0.0
1515678,Waste,3,23.68,15.79,0,0.0,23.68,0,0.0
1515678,Waste,4,47.36,31.57,0,0.0,47.36,0,0.0
1515678,Waste,5,71.04,47.36,0,0.0,71.04,0,0.0
1515678,Waste,6,94.72,63.15,0,0.0,94.72,0,4.72
1515679,Waste,0,29.05,19.36,0,0.0,29.05,0,0.0
1515679,Waste,1,58.09,38.73,0,0.0,58.09,0,0.0
1515679,Waste,2,87.14,58.09,0,0.0,87.14,0,0.0
1515679,Waste,3,116.19,77.46,1,116.19,0.0,0,26.19
1515679,Waste,4,29.05,19.36,0,0.0,29.05,0,0.0
1515679,Waste,5,58.09,38.73,0,0.0,58.09,0,0.0
1515679,Waste,6,87.14,58.09,0,0.0,87.14,0,0.0
1515818,Compostables,0,23.99,16.0,0,0.0,23.99,0,0.0
1515818,Compostables,1,47.99,31.99,0,0.0,47.99,0,0.0
1515818,Compostables,2,71.98,47.99,0,0.0,71.98,0,0.0
1515818,Compostables,3,95.97,63.98,1,95.97,0.0,0,5.97
1515818,Compostables,4,23.99,16.0,0,0.0,23.99,0,0.0
1515818,Compostables,5,47.99,31.99,0,0.0,47.99,0,0.0
1515818,Compostables,6,71.98,47.99,0,0.0,71.98,0,0.0
1516551,Waste,0,22.74,15.16,0,0.0,22.74,0,0.0
1516551,Waste,1,45.49,30.33,0,0.0,45.49,0,0.0
1516551,Waste,2,68.23,45.49,1,68.23,0.0,0,0.0
1516551,Waste,3,22.74,15.16,0,0.0,22.74,0,0.0
1516551,Waste,4,45.49,30.33,0,0.0,45.49,0,0.0
1516551,Waste,5,68.23,45.49,0,0.0,68.23,0,0.0
1516551,Waste,6,90.98,60.65,0,0.0,90.98,0,0.98
2503761,Compostables,0,27.97,18.65,0,0.0,27.97,0,0.0
2503761,Compostables,1,55.95,37.3,0,0.0,55.95,0,0.0
2503761,Compostables,2,83.92,55.95,1,83.92,0.0,0,0.0
2503761,Compostables,3,27.97,18.65,0,0.0,27.97,0,0.0
2503761,Compostables,4,55.95,37.3,0,0.0,55.95,0,0.0
2503761,Compostables,5,83.92,55.95,0,0.0,83.92,0,0.0
2503761,Compostables,6,111.9,74.6,0,0.0,111.9,0,21.9
2503765,Waste,0,24.58,16.38,0,0.0,24.58,0,0.0
2503765,Waste,1,49.15,32.77,0,0.0,49.15,0,0.0
2503765,Waste,2,73.73,49.15,0,0.0,73.73,0,0.0
2503765,Waste,3,98.3,65.53,1,98.3,0.0,0,8.3
2503765,Waste,4,24.58,16.38,0,0.0,24.58,0,0.0
2503765,Waste,5,49.15,32.77,0,0.0,49.15,0,0.0
2503765,Waste,6,73.73,49.15,0,0.0,73.73,0,0.0
1514032,Waste,0,0.0,0.0,0,0.0,0.0,0,0.0
1514032,Waste,1,36.83,24.55,0,0.0,36.83,0,0.0
1514032,Waste,2,73.66,49.1,1,73.66,0.0,0,0.0
1514032,Waste,3,36.83,24.55,1,36.83,0.0,0,0.0
1514032,Waste,4,36.83,24.55,0,0.0,36.83,0,0.0
1514032,Waste,5,73.66,49.1,0,0.0,73.66,0,0.0
1514032,Waste,6,110.49,73.66,0,0.0,110.49,0,20.49
1515702,Waste,0,0.0,0.0,0,0.0,0.0,0,0.0
1515702,Waste,1,30.77,20.51,0,0.0,30.77,0,0.0
1515702,Waste,2,61.54,41.03,0,0.0,61.54,0,0.0
1515702,Waste,3,92.31,61.54,1,92.31,0.0,0,2.31
1515702,Waste,4,30.77,20.51,0,0.0,30.77,0,0.0
1515702,Waste,5,61.54,41.03,0,0.0,61.54,0,0.0
1515702,Waste,6,92.31,61.54,0,0.0,92.31,0,2.31
1515780,Waste,0,0.0,0.0,0,0.0,0.0,0,0.0
1515780,Waste,1,44.74,29.82,0,0.0,44.74,0,0.0
1515780,Waste,2,89.47,59.65,1,89.47,0.0,0,0.0
1515780,Waste,3,44.74,29.82,0,0.0,44.74,0,0.0
1515780,Waste,4,89.47,59.65,1,89.47,0.0,0,0.0
1515780,Waste,5,44.74,29.82,0,0.0,44.74,0,0.0
1515780,Waste,6,89.47,59.65,0,0.0,89.47,0,0.0
1516549,Compostables,0,0.0,0.0,0,0.0,0.0,0,0.0
1516549,Compostables,1,37.16,24.77,0,0.0,37.16,0,0.0
1516549,Compostables,2,74.32,49.55,1,74.32,0.0,0,0.0
1516549,Compostables,3,37.16,24.77,0,0.0,37.16,0,0.0
1516549,Compostables,4,74.32,49.55,1,74.32,0.0,0,0.0
1516549,Compostables,5,37.16,24.77,0,0.0,37.16,0,0.0
1516549,Compostables,6,74.32,49.55,0,0.0,74.32,0,0.0
500103012,Compostables,0,0.0,0.0,0,0.0,0.0,0,0.0
500103012,Compostables,1,42.37,28.25,0,0.0,42.37,0,0.0
500103012,Compostables,2,84.75,56.5,1,84.75,0.0,0,0.0
500103012,Compostables,3,42.37,28.25,0,0.0,42.37,0,0.0
500103012,Compostables,4,84.75,56.5,1,84.75,0.0,0,0.0
500103012,Compostables,5,42.37,28.25,0,0.0,42.37,0,0.0
500103012,Compostables,6,84.75,56.5,0,0.0,84.75,0,0.0
1503623,Waste,0,32.77,21.85,0,0.0,32.77,0,0.0
1503623,Waste,1,43.7,29.13,0,0.0,43.7,0,0.0
1503623,Waste,2,54.62,36.42,1,54.62,0.0,0,0.0
1503623,Waste,3,10.92,7.28,0,0.0,10.92,0,0.0
1503623,Waste,4,21.85,14.57,0,0.0,21.85,0,0.0
1503623,Waste,5,32.77,21.85,0,0.0,32.77,0,0.0
1503623,Waste,6,43.7,29.13,0,0.0,43.7,0,0.0
1503644,Compostables,0,21.52,14.34,0,0.0,21.52,0,0.0
1503644,Compostables,1,28.69,19.13,0,0.0,28.69,0,0.0
1503644,Compostables,2,35.86,23.91,0,0.0,35.86,0,0.0
1503644,Compostables,3,43.03,28.69,0,0.0,43.03,0,0.0
1503644,Compostables,4,50.2,33.47,1,50.2,0.0,0,0.0
1503644,Compostables,5,7.17,4.78,0,0.0,7.17,0,0.0
1503644,Compostables,6,14.34,9.56,0,0.0,14.34,0,0.0
1514000,Compostables,0,15.85,10.56,0,0.0,15.85,0,0.0
1514000,Compostables,1,21.13,14.09,0,0.0,21.13,0,0.0
1514000,Compostables,2,26.41,17.61,0,0.0,26.41,0,0.0
1514000,Compostables,3,31.69,21.13,0,0.0,31.69,0,0.0
1514000,Compostables,4,36.98,24.65,1,36.98,0.0,0,0.0
1514000,Compostables,5,5.28,3.52,0,0.0,5.28,0,0.0
1514000,Compostables,6,10.56,7.04,0,0.0,10.56,0,0.0
1514002,Compostables,0,39.29,26.19,0,0.0,39.29,0,0.0
1514002,Compostables,1,52.39,34.92,0,0.0,52.39,0,0.0
1514002,Compostables,2,65.48,43.66,0,0.0,65.48,0,0.0
1514002,Compostables,3,78.58,52.39,1,78.58,0.0,0,0.0
1514002,Compostables,4,13.1,8.73,0,0.0,13.1,0,0.0
1514002,Compostables,5,26.19,17.46,0,0.0,26.19,0,0.0
1514002,Compostables,6,39.29,26.19,0,0.0,39.29,0,0.0
1514022,Waste,0,41.1,27.4,0,0.0,41.1,0,0.0
1514022,Waste,1,54.8,36.53,0,0.0,54.8,0,0.0
1514022,Waste,2,68.5,45.66,1,68.5,0.0,0,0.0
1514022,Waste,3,13.7,9.13,0,0.0,13.7,0,0.0
1514022,Waste,4,27.4,18.27,0,0.0,27.4,0,0.0
1514022,Waste,5,41.1,27.4,0,0.0,41.1,0,0.0
1514022,Waste,6,54.8,36.53,0,0.0,54.8,0,0.0
1515669,Waste,0,38.4,25.6,0,0.0,38.4,0,0.0
1515669,Waste,1,51.2,34.13,0,0.0,51.2,0,0.0
1515669,Waste,2,64.0,42.67,0,0.0,64.0,0,0.0
1515669,Waste,3,76.8,51.2,0,0.0,76.8,0,0.0
1515669,Waste,4,89.6,59.73,1,89.6,0.0,0,0.0
1515669,Waste,5,12.8,8.53,0,0.0,12.8,0,0.0
1515669,Waste,6,25.6,17.07,0,0.0,25.6,0,0.0
1515676,Waste,0,29.73,19.82,0,0.0,29.73,0,0.0
1515676,Waste,1,39.63,26.42,0,0.0,39.63,0,0.0
1515676,Waste,2,49.54,33.03,0,0.0,49.54,0,0.0
1515676,Waste,3,59.45,39.63,1,59.45,0.0,0,0.0
1515676,Waste,4,9.91,6.61,0,0.0,9.91,0,0.0
1515676,Waste,5,19.82,13.21,0,0.0,19.82,0,0.0
1515676,Waste,6,29.73,19.82,0,0.0,29.73,0,0.0
1515682,Compostables,0,11.25,7.5,0,0.0,11.25,0,0.0
1515682,Compostables,1,15.0,10.0,0,0.0,15.0,0,0.0
1515682,Compostables,2,18.75,12.5,0,0.0,18.75,0,0.0
1515682,Compostables,3,22.5,15.0,0,0.0,22.5,0,0.0
1515682,Compostables,4,26.25,17.5,1,26.25,0.0,0,0.0
1515682,Compostables,5,3.75,2.5,0,0.0,3.75,0,0.0
1515682,Compostables,6,7.5,5.0,0,0.0,7.5,0,0.0
1515684,Compostables,0,25.34,16.89,0,0.0,25.34,0,0.0
1515684,Compostables,1,33.78,22.52,0,0.0,33.78,0,0.0
1515684,Compostables,2,42.23,28.15,0,0.0,42.23,0,0.0
1515684,Compostables,3,50.67,33.78,0,0.0,50.67,0,0.0
1515684,Compostables,4,59.12,39.41,1,59.12,0.0,0,0.0
1515684,Compostables,5,8.45,5.63,0,0.0,8.45,0,0.0
1515684,Compostables,6,16.89,11.26,0,0.0,16.89,0,0.0
1515688,Compostables,0,39.22,26.15,0,0.0,39.22,0,0.0
1515688,Compostables,1,52.3,34.86,0,0.0,52.3,0,0.0
1515688,Compostables,2,65.37,43.58,1,65.37,0.0,0,0.0
1515688,Compostables,3,13.07,8.72,0,0.0,13.07,0,0.0
1515688,Compostables,4,26.15,17.43,0,0.0,26.15,0,0.0
1515688,Compostables,5,39.22,26.15,0,0.0,39.22,0,0.0
1515688,Compostables,6,52.3,34.86,0,0.0,52.3,0,0.0
1515697,Waste,0,44.86,29.91,0,0.0,44.86,0,0.0
1515697,Waste,1,59.82,39.88,0,0.0,59.82,0,0.0
1515697,Waste,2,74.77,49.85,0,0.0,74.77,0,0.0
1515697,Waste,3,89.73,59.82,1,89.73,0.0,0,0.0
1515697,Waste,4,14.95,9.97,0,0.0,14.95,0,0.0
1515697,Waste,5,29.91,19.94,0,0.0,29.91,0,0.0
1515697,Waste,6,44.86,29.91,0,0.0,44.86,0,0.0
1515721,Bottles/Cans,0,16.51,11.01,0,0.0,16.51,0,0.0
1515721,Bottles/Cans,1,22.01,14.68,0,0.0,22.01,0,0.0
1515721,Bottles/Cans,2,27.52,18.34,0,0.0,27.52,0,0.0
1515721,Bottles/Cans,3,33.02,22.01,0,0.0,33.02,0,0.0
1515721,Bottles/Cans,4,38.52,25.68,1,38.52,0.0,0,0.0
1515721,Bottles/Cans,5,5.5,3.67,0,0.0,5.5,0,0.0
1515721,Bottles/Cans,6,11.01,7.34,0,0.0,11.01,0,0.0
1515770,Bottles/Cans,0,66.93,44.62,0,0.0,66.93,0,0.0
1515770,Bottles/Cans,1,89.24,59.49,0,0.0,89.24,0,0.0
1515770,Bottles/Cans,2,111.54,74.36,1,111.54,0.0,0,0.0
1515770,Bottles/Cans,3,22.31,14.87,0,0.0,22.31,0,0.0
1515770,Bottles/Cans,4,44.62,29.75,0,0.0,44.62,0,0.0
1515770,Bottles/Cans,5,66.93,44.62,0,0.0,66.93,0,0.0
1515770,Bottles/Cans,6,89.24,59.49,0,0.0,89.24,0,0.0
1515777,Bottles/Cans,0,51.28,34.19,0,0.0,51.28,0,0.0
1515777,Bottles/Cans,1,68.37,45.58,1,68.37,0.0,0,0.0
1515777,Bottles/Cans,2,17.09,11.4,0,0.0,17.09,0,0.0
1515777,Bottles/Cans,3,34.19,22.79,0,0.0,34.19,0,0.0
1515777,Bottles/Cans,4,51.28,34.19,0,0.0,51.28,0,0.0
1515777,Bottles/Cans,5,68.37,45.58,0,0.0,68.37,0,0.0
1515777,Bottles/Cans,6,85.46,56.98,0,0.0,85.46,0,0.0
1515778,Bottles/Cans,0,62.18,41.45,1,62.18,0.0,0,0.0
1515778,Bottles/Cans,1,20.73,13.82,0,0.0,20.73,0,0.0
1515778,Bottles/Cans,2,41.45,27.64,0,0.0,41.45,0,0.0
1515778,Bottles/Cans,3,62.18,41.45,0,0.0,62.18,0,0.0
1515778,Bottles/Cans,4,82.91,55.27,0,0.0,82.91,0,0.0
1515778,Bottles/Cans,5,103.64,69.09,0,0.0,103.64,0,0.0
1515778,Bottles/Cans,6,124.36,82.91,0,0.0,124.36,0,0.0
1516531,Bottles/Cans,0,35.24,23.49,0,0.0,35.24,0,0.0
1516531,Bottles/Cans,1,46.99,31.32,0,0.0,46.99,0,0.0
1516531,Bottles/Cans,2,58.73,39.16,1,58.73,0.0,0,0.0
1516531,Bottles/Cans,3,11.75,7.83,0,0.0,11.75,0,0.0
1516531,Bottles/Cans,4,23.49,15.66,0,0.0,23.49,0,0.0
1516531,Bottles/Cans,5,35.24,23.49,0,0.0,35.24,0,0.0
1516531,Bottles/Cans,6,46.99,31.32,0,0.0,46.99,0,0.0
1516553,Waste,0,25.96,17.31,0,0.0,25.96,0,0.0
1516553,Waste,1,34.61,23.08,0,0.0,34.61,0,0.0
1516553,Waste,2,43.27,28.84,0,0.0,43.27,0,0.0
1516553,Waste,3,51.92,34.61,1,51.92,0.0,0,0.0
1516553,Waste,4,8.65,5.77,0,0.0,8.65,0,0.0
1516553,Waste,5,17.31,11.54,0,0.0,17.31,0,0.0
1516553,Waste,6,25.96,17.31,0,0.0,25.96,0,0.0
1520916,Waste,0,30.22,20.15,0,0.0,30.22,0,0.0
1520916,Waste,1,40.29,26.86,0,0.0,40.29,0,0.0
1520916,Waste,2,50.37,33.58,0,0.0,50.37,0,0.0
1520916,Waste,3,60.44,40.29,1,60.44,0.0,0,0.0
1520916,Waste,4,10.07,6.72,0,0.0,10.07,0,0.0
1520916,Waste,5,20.15,13.43,0,0.0,20.15,0,0.0
1520916,Waste,6,30.22,20.15,0,0.0,30.22,0,0.0
1520923,Compostables,0,16.39,10.93,0,0.0,16.39,0,0.0
1520923,Compostables,1,21.86,14.57,0,0.0,21.86,0,0.0
1520923,Compostables,2,27.32,18.22,0,0.0,27.32,0,0.0
1520923,Compostables,3,32.79,21.86,0,0.0,32.79,0,0.0
1520923,Compostables,4,38.25,25.5,1,38.25,0.0,0,0.0
1520923,Compostables,5,5.46,3.64,0,0.0,5.46,0,0.0
1520923,Compostables,6,10.93,7.29,0,0.0,10.93,0,0.0
2503760,Compostables,0,13.32,8.88,0,0.0,13.32,0,0.0
2503760,Compostables,1,17.76,11.84,0,0.0,17.76,0,0.0
2503760,Compostables,2,22.2,14.8,0,0.0,22.2,0,0.0
2503760,Compostables,3,26.64,17.76,0,0.0,26.64,0,0.0
2503760,Compostables,4,31.08,20.72,1,31.08,0.0,0,0.0
2503760,Compostables,5,4.44,2.96,0,0.0,4.44,0,0.0
2503760,Compostables,6,8.88,5.92,0,0.0,8.88,0,0.0
1503628,Waste,0,33.24,22.16,0,0.0,33.24,0,0.0
1503628,Waste,1,49.86,33.24,0,0.0,49.86,0,0.0
1503628,Waste,2,66.48,44.32,0,0.0,66.48,0,0.0
1503628,Waste,3,83.1,55.4,1,83.1,0.0,0,0.0
1503628,Waste,4,16.62,11.08,0,0.0,16.62,0,0.0
1503628,Waste,5,33.24,22.16,0,0.0,33.24,0,0.0
1503628,Waste,6,49.86,33.24,0,0.0,49.86,0,0.0
1514006,Compostables,0,30.68,20.45,0,0.0,30.68,0,0.0
1514006,Compostables,1,46.02,30.68,0,0.0,46.02,0,0.0
1514006,Compostables,2,61.36,40.91,0,0.0,61.36,0,0.0
1514006,Compostables,3,76.7,51.14,1,76.7,0.0,0,0.0
1514006,Compostables,4,15.34,10.23,0,0.0,15.34,0,0.0
1514006,Compostables,5,30.68,20.45,0,0.0,30.68,0,0.0
1514006,Compostables,6,46.02,30.68,0,0.0,46.02,0,0.0
1515675,Waste,0,32.06,21.37,0,0.0,32.06,0,0.0
1515675,Waste,1,48.08,32.06,0,0.0,48.08,0,0.0
1515675,Waste,2,64.11,42.74,0,0.0,64.11,0,0.0
1515675,Waste,3,80.14,53.43,1,80.14,0.0,0,0.0
1515675,Waste,4,16.03,10.69,0,0.0,16.03,0,0.0
1515675,Waste,5,32.06,21.37,0,0.0,32.06,0,0.0
1515675,Waste,6,48.08,32.06,0,0.0,48.08,0,0.0
1520928,Compostables,0,34.65,23.1,0,0.0,34.65,0,0.0
1520928,Compostables,1,51.98,34.65,0,0.0,51.98,0,0.0
1520928,Compostables,2,69.31,46.21,1,69.31,0.0,0,0.0
1520928,Compostables,3,17.33,11.55,0,0.0,17.33,0,0.0
1520928,Compostables,4,34.65,23.1,0,0.0,34.65,0,0.0
1520928,Compostables,5,51.98,34.65,0,0.0,51.98,0,0.0
1520928,Compostables,6,69.31,46.21,0,0.0,69.31,0,0.0
1515677,Waste,0,22.08,14.72,0,0.0,22.08,0,0.0
1515677,Waste,1,44.16,29.44,0,0.0,44.16,0,0.0
1515677,Waste,2,66.25,44.16,0,0.0,66.25,0,0.0
1515677,Waste,3,88.33,58.89,1,88.33,0.0,0,0.0
1515677,Waste,4,22.08,14.72,0,0.0,22.08,0,0.0
1515677,Waste,5,44.16,29.44,0,0.0,44.16,0,0.0
1515677,Waste,6,66.25,44.16,0,0.0,66.25,0,0.0
1515681,Waste,0,21.06,14.04,0,0.0,21.06,0,0.0
1515681,Waste,1,42.12,28.08,0,0.0,42.12,0,0.0
1515681,Waste,2,63.17,42.12,1,63.17,0.0,0,0.0
1515681,Waste,3,21.06,14.04,0,0.0,21.06,0,0.0
1515681,Waste,4,42.12,28.08,0,0.0,42.12,0,0.0
1515681,Waste,5,63.17,42.12,0,0.0,63.17,0,0.0
1515681,Waste,6,84.23,56.15,0,0.0,84.23,0,0.0
1515699,Waste,0,21.41,14.27,0,0.0,21.41,0,0.0
1515699,Waste,1,42.82,28.55,0,0.0,42.82,0,0.0
1515699,Waste,2,64.23,42.82,0,0.0,64.23,0,0.0
1515699,Waste,3,85.64,57.1,1,85.64,0.0,0,0.0
1515699,Waste,4,21.41,14.27,0,0.0,21.41,0,0.0
1515699,Waste,5,42.82,28.55,0,0.0,42.82,0,0.0
1515699,Waste,6,64.23,42.82,0,0.0,64.23,0,0.0
1516539,Compostables,0,19.01,12.67,0,0.0,19.01,0,0.0
1516539,Compostables,1,38.02,25.35,0,0.0,38.02,0,0.0
1516539,Compostables,2,57.04,38.02,0,0.0,57.04,0,0.0
1516539,Compostables,3,76.05,50.7,1,76.05,0.0,0,0.0
1516539,Compostables,4,19.01,12.67,0,0.0,19.01,0,0.0
1516539,Compostables,5,38.02,25.35,0,0.0,38.02,0,0.0
1516539,Compostables,6,57.04,38.02,0,0.0,57.04,0,0.0
1514007,Compostables,0,0.0,0.0,0,0.0,0.0,0,0.0
1514007,Compostables,1,23.85,15.9,0,0.0,23.85,0,0.0
1514007,Compostables,2,47.7,31.8,0,0.0,47.7,0,0.0
1514007,Compostables,3,71.56,47.7,1,71.56,0.0,0,0.0
1514007,Compostables,4,23.85,15.9,0,0.0,23.85,0,0.0
1514007,Compostables,5,47.7,31.8,0,0.0,47.7,0,0.0
1514007,Compostables,6,71.56,47.7,0,0.0,71.56,0,0.0
1514028,Waste,0,0.0,0.0,0,0.0,0.0,0,0.0
1514028,Waste,1,23.58,15.72,0,0.0,23.58,0,0.0
1514028,Waste,2,47.15,31.44,0,0.0,47.15,0,0.0
1514028,Waste,3,70.73,47.15,1,70.73,0.0,0,0.0
1514028,Waste,4,23.58,15.72,0,0.0,23.58,0,0.0
1514028,Waste,5,47.15,31.44,0,0.0,47.15,0,0.0
1514028,Waste,6,70.73,47.15,0,0.0,70.73,0,0.0
1514029,Waste,0,0.0,0.0,0,0.0,0.0,0,0.0
1514029,Waste,1,24.83,16.55,0,0.0,24.83,0,0.0
1514029,Waste,2,49.65,33.1,0,0.0,49.65,0,0.0
1514029,Waste,3,74.48,49.65,1,74.48,0.0,0,0.0
1514029,Waste,4,24.83,16.55,0,0.0,24.83,0,0.0
1514029,Waste,5,49.65,33.1,0,0.0,49.65,0,0.0
1514029,Waste,6,74.48,49.65,0,0.0,74.48,0,0.0
1515746,Waste,0,0.0,0.0,0,0.0,0.0,0,0.0
1515746,Waste,1,25.92,17.28,0,0.0,25.92,0,0.0
1515746,Waste,2,51.85,34.56,0,0.0,51.85,0,0.0
1515746,Waste,3,77.77,51.85,1,77.77,0.0,0,0.0
1515746,Waste,4,25.92,17.28,0,0.0,25.92,0,0.0
1515746,Waste,5,51.85,34.56,0,0.0,51.85,0,0.0
1515746,Waste,6,77.77,51.85,0,0.0,77.77,0,0.0
1503616,Compostables,0,29.59,19.73,0,0.0,29.59,0,0.0
1503616,Compostables,1,44.39,29.59,0,0.0,44.39,0,0.0
1503616,Compostables,2,59.18,39.46,0,0.0,59.18,0,0.0
1503616,Compostables,3,73.98,49.32,0,0.0,73.98,0,0.0
1503616,Compostables,4,88.77,59.18,1,88.77,0.0,0,0.0
1503616,Compostables,5,14.8,9.86,0,0.0,14.8,0,0.0
1503616,Compostables,6,29.59,19.73,0,0.0,29.59,0,0.0
1503639,Bottles/Cans,0,26.23,17.48,0,0.0,26.23,0,0.0
1503639,Bottles/Cans,1,39.34,26.23,0,0.0,39.34,0,0.0
1503639,Bottles/Cans,2,52.45,34.97,0,0.0,52.45,0,0.0
1503639,Bottles/Cans,3,65.57,43.71,0,0.0,65.57,0,0.0
1503639,Bottles/Cans,4,78.68,52.45,1,78.68,0.0,0,0.0
1503639,Bottles/Cans,5,13.11,8.74,0,0.0,13.11,0,0.0
1503639,Bottles/Cans,6,26.23,17.48,0,0.0,26.23,0,0.0
1514008,Compostables,0,15.16,10.11,0,0.0,15.16,0,0.0
1514008,Compostables,1,22.75,15.16,0,0.0,22.75,0,0.0
1514008,Compostables,2,30.33,20.22,0,0.0,30.33,0,0.0
1514008,Compostables,3,37.91,25.27,0,0.0,37.91,0,0.0
1514008,Compostables,4,45.49,30.33,0,0.0,45.49,0,0.0
1514008,Compostables,5,53.08,35.38,1,53.08,0.0,0,0.0
1514008,Compostables,6,7.58,5.05,0,0.0,7.58,0,0.0
1514019,Bottles/Cans,0,29.81,19.87,0,0.0,29.81,0,0.0
1514019,Bottles/Cans,1,44.72,29.81,0,0.0,44.72,0,0.0
1514019,Bottles/Cans,2,59.62,39.75,0,0.0,59.62,0,0.0
1514019,Bottles/Cans,3,74.53,49.69,0,0.0,74.53,0,0.0
1514019,Bottles/Cans,4,89.43,59.62,1,89.43,0.0,0,0.0
1514019,Bottles/Cans,5,14.91,9.94,0,0.0,14.91,0,0.0
1514019,Bottles/Cans,6,29.81,19.87,0,0.0,29.81,0,0.0
1515701,Waste,0,26.27,17.52,1,26.27,0.0,0,0.0
1515701,Waste,1,13.14,8.76,0,0.0,13.14,0,0.0
1515701,Waste,2,26.27,17.52,0,0.0,26.27,0,0.0
1515701,Waste,3,39.41,26.27,1,39.41,0.0,0,0.0
1515701,Waste,4,13.14,8.76,0,0.0,13.14,0,0.0
1515701,Waste,5,26.27,17.52,0,0.0,26.27,0,0.0
1515701,Waste,6,39.41,26.27,0,0.0,39.41,0,0.0
1515717,Compostables,0,17.39,11.59,0,0.0,17.39,0,0.0
1515717,Compostables,1,26.08,17.39,0,0.0,26.08,0,0.0
1515717,Compostables,2,34.77,23.18,0,0.0,34.77,0,0.0
1515717,Compostables,3,43.47,28.98,0,0.0,43.47,0,0.0
1515717,Compostables,4,52.16,34.77,0,0.0,52.16,0,0.0
1515717,Compostables,5,60.85,40.57,1,60.85,0.0,0,0.0
1515717,Compostables,6,8.69,5.8,0,0.0,8.69,0,0.0
1515732,Bottles/Cans,0,29.63,19.76,0,0.0,29.63,0,0.0
1515732,Bottles/Cans,1,44.45,29.63,0,0.0,44.45,0,0.0
1515732,Bottles/Cans,2,59.27,39.51,1,59.27,0.0,0,0.0
1515732,Bottles/Cans,3,14.82,9.88,0,0.0,14.82,0,0.0
1515732,Bottles/Cans,4,29.63,19.76,0,0.0,29.63,0,0.0
1515732,Bottles/Cans,5,44.45,29.63,0,0.0,44.45,0,0.0
1515732,Bottles/Cans,6,59.27,39.51,0,0.0,59.27,0,0.0
1515752,Compostables,0,20.61,13.74,0,0.0,20.61,0,0.0
1515752,Compostables,1,30.92,20.61,0,0.0,30.92,0,0.0
1515752,Compostables,2,41.23,27.49,0,0.0,41.23,0,0.0
1515752,Compostables,3,51.54,34.36,0,0.0,51.54,0,0.0
1515752,Compostables,4,61.84,41.23,0,0.0,61.84,0,0.0
1515752,Compostables,5,72.15,48.1,1,72.15,0.0,0,0.0
1515752,Compostables,6,10.31,6.87,0,0.0,10.31,0,0.0
1515754,Compostables,0,15.03,10.02,0,0.0,15.03,0,0.0
1515754,Compostables,1,22.54,15.03,0,0.0,22.54,0,0.0
1515754,Compostables,2,30.05,20.04,0,0.0,30.05,0,0.0
1515754,Compostables,3,37.57,25.05,0,0.0,37.57,0,0.0
1515754,Compostables,4,45.08,30.05,0,0.0,45.08,0,0.0
1515754,Compostables,5,52.6,35.06,1,52.6,0.0,0,0.0
1515754,Compostables,6,7.51,5.01,0,0.0,7.51,0,0.0
1515756,Compostables,0,29.98,19.98,0,0.0,29.98,0,0.0
1515756,Compostables,1,44.96,29.98,0,0.0,44.96,0,0.0
1515756,Compostables,2,59.95,39.97,0,0.0,59.95,0,0.0
1515756,Compostables,3,74.94,49.96,0,0.0,74.94,0,0.0
1515756,Compostables,4,89.93,59.95,1,89.93,0.0,0,0.0
1515756,Compostables,5,14.99,9.99,0,0.0,14.99,0,0.0
1515756,Compostables,6,29.98,19.98,0,0.0,29.98,0,0.0
1515789,Compostables,0,19.97,13.31,0,0.0,19.97,0,0.0
1515789,Compostables,1,29.95,19.97,0,0.0,29.95,0,0.0
1515789,Compostables,2,39.94,26.63,0,0.0,39.94,0,0.0
1515789,Compostables,3,49.92,33.28,0,0.0,49.92,0,0.0
1515789,Compostables,4,59.91,39.94,0,0.0,59.91,0,0.0
1515789,Compostables,5,69.89,46.59,1,69.89,0.0,0,0.0
1515789,Compostables,6,9.98,6.66,0,0.0,9.98,0,0.0
1516528,Bottles/Cans,0,0.0,0.0,0,0.0,0.0,0,0.0
1516528,Bottles/Cans,1,0.0,0.0,0,0.0,0.0,0,0.0
1516528,Bottles/Cans,2,0.0,0.0,0,0.0,0.0,0,0.0
1516528,Bottles/Cans,3,0.0,0.0,0,0.0,0.0,0,0.0
1516528,Bottles/Cans,4,0.0,0.0,1,0.0,0.0,0,0.0
1516528,Bottles/Cans,5,0.0,0.0,0,0.0,0.0,0,0.0
1516528,Bottles/Cans,6,0.0,0.0,0,0.0,0.0,0,0.0
1516541,Compostables,0,13.64,9.09,0,0.0,13.64,0,0.0
1516541,Compostables,1,20.46,13.64,0,0.0,20.46,0,0.0
1516541,Compostables,2,27.28,18.19,0,0.0,27.28,0,0.0
1516541,Compostables,3,34.11,22.74,0,0.0,34.11,0,0.0
1516541,Compostables,4,40.93,27.28,0,0.0,40.93,0,0.0
1516541,Compostables,5,47.75,31.83,1,47.75,0.0,0,0.0
1516541,Compostables,6,6.82,4.55,0,0.0,6.82,0,0.0
1516544,Compostables,0,19.8,13.2,0,0.0,19.8,0,0.0
1516544,Compostables,1,29.71,19.8,0,0.0,29.71,0,0.0
1516544,Compostables,2,39.61,26.41,0,0.0,39.61,0,0.0
1516544,Compostables,3,49.51,33.01,0,0.0,49.51,0,0.0
1516544,Compostables,4,59.41,39.61,0,0.0,59.41,0,0.0
1516544,Compostables,5,69.32,46.21,1,69.32,0.0,0,0.0
1516544,Compostables,6,9.9,6.6,0,0.0,9.9,0,0.0
1516545,Compostables,0,17.17,11.45,0,0.0,17.17,0,0.0
1516545,Compostables,1,25.75,17.17,0,0.0,25.75,0,0.0
1516545,Compostables,2,34.34,22.89,0,0.0,34.34,0,0.0
1516545,Compostables,3,42.92,28.61,0,0.0,42.92,0,0.0
1516545,Compostables,4,51.51,34.34,0,0.0,51.51,0,0.0
1516545,Compostables,5,60.09,40.06,1,60.09,0.0,0,0.0
1516545,Compostables,6,8.58,5.72,0,0.0,8.58,0,0.0
1516547,Waste,0,20.19,13.46,0,0.0,20.19,0,0.0
1516547,Waste,1,30.29,20.19,0,0.0,30.29,0,0.0
1516547,Waste,2,40.38,26.92,0,0.0,40.38,0,0.0
1516547,Waste,3,50.48,33.65,0,0.0,50.48,0,0.0
1516547,Waste,4,60.57,40.38,0,0.0,60.57,0,0.0
1516547,Waste,5,70.67,47.11,1,70.67,0.0,0,0.0
1516547,Waste,6,10.1,6.73,0,0.0,10.1,0,0.0
1520918,Waste,0,0.0,0.0,0,0.0,0.0,0,0.0
1520918,Waste,1,0.0,0.0,0,0.0,0.0,0,0.0
1520918,Waste,2,0.0,0.0,0,0.0,0.0,0,0.0
1520918,Waste,3,0.0,0.0,0,0.0,0.0,0,0.0
1520918,Waste,4,0.0,0.0,0,0.0,0.0,0,0.0
1520918,Waste,5,0.0,0.0,1,0.0,0.0,0,0.0
1520918,Waste,6,0.0,0.0,0,0.0,0.0,0,0.0
2503764,Compostables,0,22.28,14.86,0,0.0,22.28,0,0.0
2503764,Compostables,1,33.43,22.28,0,0.0,33.43,0,0.0
2503764,Compostables,2,44.57,29.71,0,0.0,44.57,0,0.0
2503764,Compostables,3,55.71,37.14,0,0.0,55.71,0,0.0
2503764,Compostables,4,66.85,44.57,0,0.0,66.85,0,0.0
2503764,Compostables,5,77.99,51.99,1,77.99,0.0,0,0.0
2503764,Compostables,6,11.14,7.43,0,0.0,11.14,0,0.0
1503625,Waste,0,17.77,11.85,0,0.0,17.77,0,0.0
1503625,Waste,1,35.54,23.69,0,0.0,35.54,0,0.0
1503625,Waste,2,53.3,35.54,1,53.3,0.0,0,0.0
1503625,Waste,3,17.77,11.85,0,0.0,17.77,0,0.0
1503625,Waste,4,35.54,23.69,0,0.0,35.54,0,0.0
1503625,Waste,5,53.3,35.54,0,0.0,53.3,0,0.0
1503625,Waste,6,71.07,47.38,0,0.0,71.07,0,0.0
1515689,Compostables,0,15.21,10.14,0,0.0,15.21,0,0.0
1515689,Compostables,1,30.42,20.28,0,0.0,30.42,0,0.0
1515689,Compostables,2,45.63,30.42,0,0.0,45.63,0,0.0
1515689,Compostables,3,60.85,40.56,0,0.0,60.85,0,0.0
1515689,Compostables,4,76.06,50.7,1,76.06,0.0,0,0.0
1515689,Compostables,5,15.21,10.14,0,0.0,15.21,0,0.0
1515689,Compostables,6,30.42,20.28,0,0.0,30.42,0,0.0
1515719,Compostables,0,15.05,10.03,0,0.0,15.05,0,0.0
1515719,Compostables,1,30.09,20.06,0,0.0,30.09,0,0.0
1515719,Compostables,2,45.14,30.09,0,0.0,45.14,0,0.0
1515719,Compostables,3,60.19,40.13,0,0.0,60.19,0,0.0
1515719,Compostables,4,75.24,50.16,1,75.24,0.0,0,0.0
1515719,Compostables,5,15.05,10.03,0,0.0,15.05,0,0.0
1515719,Compostables,6,30.09,20.06,0,0.0,30.09,0,0.0
2503762,Compostables,0,17.11,11.41,0,0.0,17.11,0,0.0
2503762,Compostables,1,34.22,22.81,0,0.0,34.22,0,0.0
2503762,Compostables,2,51.33,34.22,0,0.0,51.33,0,0.0
2503762,Compostables,3,68.44,45.63,0,0.0,68.44,0,0.0
2503762,Compostables,4,85.55,57.03,1,85.55,0.0,0,0.0
2503762,Compostables,5,17.11,11.41,0,0.0,17.11,0,0.0
2503762,Compostables,6,34.22,22.81,0,0.0,34.22,0,0.0
1514030,Waste,0,0.0,0.0,0,0.0,0.0,0,0.0
1514030,Waste,1,20.06,13.37,0,0.0,20.06,0,0.0
1514030,Waste,2,40.11,26.74,0,0.0,40.11,0,0.0
1514030,Waste,3,60.17,40.11,1,60.17,0.0,0,0.0
1514030,Waste,4,20.06,13.37,0,0.0,20.06,0,0.0
1514030,Waste,5,40.11,26.74,0,0.0,40.11,0,0.0
1514030,Waste,6,60.17,40.11,0,0.0,60.17,0,0.0
1516557,Waste,0,0.0,0.0,0,0.0,0.0,0,0.0
1516557,Waste,1,18.05,12.03,0,0.0,18.05,0,0.0
1516557,Waste,2,36.1,24.06,0,0.0,36.1,0,0.0
1516557,Waste,3,54.14,36.1,0,0.0,54.14,0,0.0
1516557,Waste,4,72.19,48.13,0,0.0,72.19,0,0.0
1516557,Waste,5,90.24,60.16,0,0.0,90.24,0,0.24
1516557,Waste,6,108.29,72.19,0,0.0,108.29,0,18.29
1514017,Bottles/Cans,0,22.85,15.23,0,0.0,22.85,0,0.0
1514017,Bottles/Cans,1,45.69,30.46,0,0.0,45.69,0,0.0
1514017,Bottles/Cans,2,68.54,45.69,0,0.0,68.54,0,0.0
1514017,Bottles/Cans,3,91.38,60.92,0,0.0,91.38,0,0.0
1514017,Bottles/Cans,4,114.23,76.15,1,114.23,0.0,0,0.0
1514017,Bottles/Cans,5,22.85,15.23,0,0.0,22.85,0,0.0
1514017,Bottles/Cans,6,45.69,30.46,0,0.0,45.69,0,0.0
1515686,Compostables,0,14.98,9.99,0,0.0,14.98,0,0.0
1515686,Compostables,1,29.97,19.98,0,0.0,29.97,0,0.0
1515686,Compostables,2,44.95,29.97,0,0.0,44.95,0,0.0
1515686,Compostables,3,59.94,39.96,0,0.0,59.94,0,0.0
1515686,Compostables,4,74.92,49.95,0,0.0,74.92,0,0.0
1515686,Compostables,5,89.91,59.94,1,89.91,0.0,0,0.0
1515686,Compostables,6,14.98,9.99,0,0.0,14.98,0,0.0
1515741,Waste,0,8.26,5.5,0,0.0,8.26,0,0.0
1515741,Waste,1,16.51,11.01,0,0.0,16.51,0,0.0
1515741,Waste,2,24.77,16.51,0,0.0,24.77,0,0.0
1515741,Waste,3,33.03,22.02,0,0.0,33.03,0,0.0
1515741,Waste,4,41.29,27.52,0,0.0,41.29,0,0.0
1515741,Waste,5,49.54,33.03,0,0.0,49.54,0,0.0
1515741,Waste,6,57.8,38.53,1,57.8,0.0,0,0.0
1515769,Bottles/Cans,0,20.27,13.51,0,0.0,20.27,0,0.0
1515769,Bottles/Cans,1,40.53,27.02,0,0.0,40.53,0,0.0
1515769,Bottles/Cans,2,60.8,40.53,0,0.0,60.8,0,0.0
1515769,Bottles/Cans,3,81.07,54.05,0,0.0,81.07,0,0.0
1515769,Bottles/Cans,4,101.34,67.56,0,0.0,101.34,0,0.0
1515769,Bottles/Cans,5,121.6,81.07,0,0.0,121.6,0,0.0
1515769,Bottles/Cans,6,141.87,94.58,1,141.87,0.0,0,0.0
1516542,Compostables,0,7.42,4.95,0,0.0,7.42,0,0.0
1516542,Compostables,1,14.84,9.89,0,0.0,14.84,0,0.0
1516542,Compostables,2,22.26,14.84,0,0.0,22.26,0,0.0
1516542,Compostables,3,29.68,19.78,0,0.0,29.68,0,0.0
1516542,Compostables,4,37.09,24.73,0,0.0,37.09,0,0.0
1516542,Compostables,5,44.51,29.68,0,0.0,44.51,0,0.0
1516542,Compostables,6,51.93,34.62,1,51.93,0.0,0,0.0
1520906,Bottles/Cans,0,0.0,0.0,0,0.0,0.0,0,0.0
1520906,Bottles/Cans,1,0.0,0.0,0,0.0,0.0,0,0.0
1520906,Bottles/Cans,2,0.0,0.0,0,0.0,0.0,0,0.0
1520906,Bottles/Cans,3,0.0,0.0,0,0.0,0.0,0,0.0
1520906,Bottles/Cans,4,0.0,0.0,0,0.0,0.0,0,0.0
1520906,Bottles/Cans,5,0.0,0.0,0,0.0,0.0,0,0.0
1520906,Bottles/Cans,6,0.0,0.0,1,0.0,0.0,0,0.0
1520907,Bottles/Cans,0,0.0,0.0,0,0.0,0.0,0,0.0
1520907,Bottles/Cans,1,0.0,0.0,0,0.0,0.0,0,0.0
1520907,Bottles/Cans,2,0.0,0.0,0,0.0,0.0,0,0.0
1520907,Bottles/Cans,3,0.0,0.0,0,0.0,0.0,0,0.0
1520907,Bottles/Cans,4,0.0,0.0,0,0.0,0.0,0,0.0
1520907,Bottles/Cans,5,0.0,0.0,0,0.0,0.0,0,0.0
1520907,Bottles/Cans,6,0.0,0.0,1,0.0,0.0,0,0.0
1520911,Waste,0,3.95,2.63,0,0.0,3.95,0,0.0
1520911,Waste,1,7.9,5.26,0,0.0,7.9,0,0.0
1520911,Waste,2,11.84,7.9,0,0.0,11.84,0,0.0
1520911,Waste,3,15.79,10.53,0,0.0,15.79,0,0.0
1520911,Waste,4,19.74,13.16,0,0.0,19.74,0,0.0
1520911,Waste,5,23.69,15.79,0,0.0,23.69,0,0.0
1520911,Waste,6,27.63,18.42,1,27.63,0.0,0,0.0
1520914,Waste,0,5.42,3.62,0,0.0,5.42,0,0.0
1520914,Waste,1,10.85,7.23,0,0.0,10.85,0,0.0
1520914,Waste,2,16.27,10.85,0,0.0,16.27,0,0.0
1520914,Waste,3,21.69,14.46,0,0.0,21.69,0,0.0
1520914,Waste,4,27.11,18.08,0,0.0,27.11,0,0.0
1520914,Waste,5,32.54,21.69,0,0.0,32.54,0,0.0
1520914,Waste,6,37.96,25.31,1,37.96,0.0,0,0.0
1520917,Waste,0,12.19,8.13,0,0.0,12.19,0,0.0
1520917,Waste,1,24.38,16.26,0,0.0,24.38,0,0.0
1520917,Waste,2,36.58,24.38,0,0.0,36.58,0,0.0
1520917,Waste,3,48.77,32.51,0,0.0,48.77,0,0.0
1520917,Waste,4,60.96,40.64,0,0.0,60.96,0,0.0
1520917,Waste,5,73.15,48.77,0,0.0,73.15,0,0.0
1520917,Waste,6,85.35,56.9,1,85.35,0.0,0,0.0
1520920,Compostables,0,0.0,0.0,0,0.0,0.0,0,0.0
1520920,Compostables,1,0.0,0.0,0,0.0,0.0,0,0.0
1520920,Compostables,2,0.0,0.0,0,0.0,0.0,0,0.0
1520920,Compostables,3,0.0,0.0,0,0.0,0.0,0,0.0
1520920,Compostables,4,0.0,0.0,0,0.0,0.0,0,0.0
1520920,Compostables,5,0.0,0.0,0,0.0,0.0,0,0.0
1520920,Compostables,6,0.0,0.0,1,0.0,0.0,0,0.0
1514009,Compostables,0,0.0,0.0,0,0.0,0.0,0,0.0
1514009,Compostables,1,17.13,11.42,0,0.0,17.13,0,0.0
1514009,Compostables,2,34.26,22.84,0,0.0,34.26,0,0.0
1514009,Compostables,3,51.39,34.26,0,0.0,51.39,0,0.0
1514009,Compostables,4,68.52,45.68,0,0.0,68.52,0,0.0
1514009,Compostables,5,85.65,57.1,0,0.0,85.65,0,0.0
1514009,Compostables,6,102.78,68.52,0,0.0,102.78,0,12.78
1514011,Bottles/Cans,0,0.0,0.0,0,0.0,0.0,0,0.0
1514011,Bottles/Cans,1,4.28,2.85,0,0.0,4.28,0,0.0
1514011,Bottles/Cans,2,8.55,5.7,0,0.0,8.55,0,0.0
1514011,Bottles/Cans,3,12.83,8.55,0,0.0,12.83,0,0.0
1514011,Bottles/Cans,4,17.11,11.4,0,0.0,17.11,0,0.0
1514011,Bottles/Cans,5,21.38,14.26,0,0.0,21.38,0,0.0
1514011,Bottles/Cans,6,25.66,17.11,0,0.0,25.66,0,0.0
1514016,Bottles/Cans,0,0.0,0.0,0,0.0,0.0,0,0.0
1514016,Bottles/Cans,1,15.05,10.03,0,0.0,15.05,0,0.0
1514016,Bottles/Cans,2,30.09,20.06,0,0.0,30.09,0,0.0
1514016,Bottles/Cans,3,45.14,30.09,0,0.0,45.14,0,0.0
1514016,Bottles/Cans,4,60.18,40.12,0,0.0,60.18,0,0.0
1514016,Bottles/Cans,5,75.23,50.15,0,0.0,75.23,0,0.0
1514016,Bottles/Cans,6,90.27,60.18,0,0.0,90.27,0,0.0
1515691,Compostables,0,0.0,0.0,0,0.0,0.0,0,0.0
1515691,Compostables,1,7.63,5.09,0,0.0,7.63,0,0.0
1515691,Compostables,2,15.27,10.18,0,0.0,15.27,0,0.0
1515691,Compostables,3,22.9,15.27,0,0.0,22.9,0,0.0
1515691,Compostables,4,30.54,20.36,0,0.0,30.54,0,0.0
1515691,Compostables,5,38.17,25.45,0,0.0,38.17,0,0.0
1515691,Compostables,6,45.8,30.54,0,0.0,45.8,0,0.0
1515720,Bottles/Cans,0,0.0,0.0,0,0.0,0.0,0,0.0
1515720,Bottles/Cans,1,7.49,4.99,0,0.0,7.49,0,0.0
1515720,Bottles/Cans,2,14.97,9.98,0,0.0,14.97,0,0.0
1515720,Bottles/Cans,3,22.46,14.97,0,0.0,22.46,0,0.0
1515720,Bottles/Cans,4,29.95,19.97,0,0.0,29.95,0,0.0
1515720,Bottles/Cans,5,37.44,24.96,0,0.0,37.44,0,0.0
1515720,Bottles/Cans,6,44.92,29.95,0,0.0,44.92,0,0.0
1515724,Bottles/Cans,0,0.0,0.0,0,0.0,0.0,0,0.0
1515724,Bottles/Cans,1,26.11,17.41,0,0.0,26.11,0,0.0
1515724,Bottles/Cans,2,52.23,34.82,1,52.23,0.0,0,0.0
1515724,Bottles/Cans,3,26.11,17.41,0,0.0,26.11,0,0.0
1515724,Bottles/Cans,4,52.23,34.82,0,0.0,52.23,0,0.0
1515724,Bottles/Cans,5,78.34,52.23,0,0.0,78.34,0,0.0
1515724,Bottles/Cans,6,104.46,69.64,0,0.0,104.46,0,0.0
1515728,Bottles/Cans,0,0.0,0.0,0,0.0,0.0,0,0.0
1515728,Bottles/Cans,1,15.54,10.36,0,0.0,15.54,0,0.0
1515728,Bottles/Cans,2,31.09,20.73,0,0.0,31.09,0,0.0
1515728,Bottles/Cans,3,46.63,31.09,0,0.0,46.63,0,0.0
1515728,Bottles/Cans,4,62.18,41.45,0,0.0,62.18,0,0.0
1515728,Bottles/Cans,5,77.72,51.81,0,0.0,77.72,0,0.0
1515728,Bottles/Cans,6,93.27,62.18,0,0.0,93.27,0,0.0
1515733,Bottles/Cans,0,0.0,0.0,0,0.0,0.0,0,0.0
1515733,Bottles/Cans,1,7.92,5.28,0,0.0,7.92,0,0.0
1515733,Bottles/Cans,2,15.85,10.57,0,0.0,15.85,0,0.0
1515733,Bottles/Cans,3,23.77,15.85,0,0.0,23.77,0,0.0
1515733,Bottles/Cans,4,31.7,21.13,0,0.0,31.7,0,0.0
1515733,Bottles/Cans,5,39.62,26.41,0,0.0,39.62,0,0.0
1515733,Bottles/Cans,6,47.55,31.7,0,0.0,47.55,0,0.0
1515763,Bottles/Cans,0,0.0,0.0,0,0.0,0.0,0,0.0
1515763,Bottles/Cans,1,9.96,6.64,0,0.0,9.96,0,0.0
1515763,Bottles/Cans,2,19.92,13.28,0,0.0,19.92,0,0.0
1515763,Bottles/Cans,3,29.87,19.92,0,0.0,29.87,0,0.0
1515763,Bottles/Cans,4,39.83,26.55,0,0.0,39.83,0,0.0
1515763,Bottles/Cans,5,49.79,33.19,0,0.0,49.79,0,0.0
1515763,Bottles/Cans,6,59.75,39.83,0,0.0,59.75,0,0.0
1515767,Bottles/Cans,0,0.0,0.0,0,0.0,0.0,0,0.0
1515767,Bottles/Cans,1,20.82,13.88,0,0.0,20.82,0,0.0
1515767,Bottles/Cans,2,41.63,27.75,0,0.0,41.63,0,0.0
1515767,Bottles/Cans,3,62.45,41.63,0,0.0,62.45,0,0.0
1515767,Bottles/Cans,4,83.26,55.51,0,0.0,83.26,0,0.0
1515767,Bottles/Cans,5,104.08,69.38,0,0.0,104.08,0,0.0
1515767,Bottles/Cans,6,124.89,83.26,0,0.0,124.89,0,0.0
1515774,Bottles/Cans,0,0.0,0.0,0,0.0,0.0,0,0.0
1515774,Bottles/Cans,1,16.98,11.32,0,0.0,16.98,0,0.0
1515774,Bottles/Cans,2,33.95,22.64,0,0.0,33.95,0,0.0
1515774,Bottles/Cans,3,50.93,33.95,0,0.0,50.93,0,0.0
1515774,Bottles/Cans,4,67.91,45.27,0,0.0,67.91,0,0.0
1515774,Bottles/Cans,5,84.88,56.59,0,0.0,84.88,0,0.0
1515774,Bottles/Cans,6,101.86,67.91,0,0.0,101.86,0,0.0
1515779,Bottles/Cans,0,0.0,0.0,0,0.0,0.0,0,0.0
1515779,Bottles/Cans,1,24.0,16.0,0,0.0,24.0,0,0.0
1515779,Bottles/Cans,2,48.01,32.0,0,0.0,48.01,0,0.0
1515779,Bottles/Cans,3,72.01,48.01,0,0.0,72.01,0,0.0
1515779,Bottles/Cans,4,96.01,64.01,0,0.0,96.01,0,0.0
1515779,Bottles/Cans,5,120.02,80.01,0,0.0,120.02,0,0.0
1515779,Bottles/Cans,6,144.02,96.01,0,0.0,144.02,0,0.0
1520904,Bottles/Cans,0,0.0,0.0,0,0.0,0.0,0,0.0
1520904,Bottles/Cans,1,0.0,0.0,0,0.0,0.0,0,0.0
1520904,Bottles/Cans,2,0.0,0.0,0,0.0,0.0,0,0.0
1520904,Bottles/Cans,3,0.0,0.0,0,0.0,0.0,0,0.0
1520904,Bottles/Cans,4,0.0,0.0,0,0.0,0.0,0,0.0
1520904,Bottles/Cans,5,0.0,0.0,0,0.0,0.0,0,0.0
1520904,Bottles/Cans,6,0.0,0.0,0,0.0,0.0,0,0.0
1520926,Compostables,0,0.0,0.0,0,0.0,0.0,0,0.0
1520926,Compostables,1,0.0,0.0,0,0.0,0.0,0,0.0
1520926,Compostables,2,0.0,0.0,0,0.0,0.0,0,0.0
1520926,Compostables,3,0.0,0.0,0,0.0,0.0,0,0.0
1520926,Compostables,4,0.0,0.0,0,0.0,0.0,0,0.0
1520926,Compostables,5,0.0,0.0,0,0.0,0.0,0,0.0
1520926,Compostables,6,0.0,0.0,0,0.0,0.0,0,0.0
500101630,Bottles/Cans,0,0.0,0.0,0,0.0,0.0,0,0.0
500101630,Bottles/Cans,1,0.0,0.0,0,0.0,0.0,0,0.0
500101630,Bottles/Cans,2,0.0,0.0,0,0.0,0.0,0,0.0
500101630,Bottles/Cans,3,0.0,0.0,0,0.0,0.0,0,0.0
500101630,Bottles/Cans,4,0.0,0.0,0,0.0,0.0,0,0.0
500101630,Bottles/Cans,5,0.0,0.0,0,0.0,0.0,0,0.0
500101630,Bottles/Cans,6,0.0,0.0,0,0.0,0.0,0,0.0
500101635,Compostables,0,0.0,0.0,0,0.0,0.0,0,0.0
500101635,Compostables,1,0.0,0.0,0,0.0,0.0,0,0.0
500101635,Compostables,2,0.0,0.0,0,0.0,0.0,0,0.0
500101635,Compostables,3,0.0,0.0,0,0.0,0.0,0,0.0
500101635,Compostables,4,0.0,0.0,0,0.0,0.0,0,0.0
500101635,Compostables,5,0.0,0.0,0,0.0,0.0,0,0.0
500101635,Compostables,6,0.0,0.0,0,0.0,0.0,0,0.0
500103011,Bottles/Cans,0,0.0,0.0,0,0.0,0.0,0,0.0
500103011,Bottles/Cans,1,55.07,36.72,0,0.0,55.07,0,0.0
500103011,Bottles/Cans,2,110.15,73.43,1,110.15,0.0,0,0.0
500103011,Bottles/Cans,3,55.07,36.72,0,0.0,55.07,0,0.0
500103011,Bottles/Cans,4,110.15,73.43,1,110.15,0.0,0,0.0
500103011,Bottles/Cans,5,55.07,36.72,0,0.0,55.07,0,0.0
500103011,Bottles/Cans,6,110.15,73.43,0,0.0,110.15,0,0.0
